time [s],Lmtc [m],STIM [ ],Fsee [N]
0.0,0.044,0.0,0.07478733484720491
0.0005,0.044,0.0,0.07478733222217022
0.001,0.044,0.0,0.07478732961848521
0.0015,0.044,0.0,0.07478732703597858
0.002,0.044,0.0,0.07478732447448498
0.0025,0.044,0.0,0.07478732193382133
0.003,0.044,0.0,0.07478731941382227
0.0035,0.044,0.0,0.07478731691432833
0.004,0.044,0.0,0.07478731443516234
0.0045,0.044,0.0,0.07478731197616188
0.005,0.044,0.0,0.07478730953716455
0.0055,0.044,0.0,0.07478730711800792
0.006,0.044,0.0,0.0747873047185237
0.0065,0.044,0.0,0.07478730233856425
0.007,0.044,0.0,0.07478729997795824
0.0075,0.044,0.0,0.07478729763655809
0.008,0.044,0.0,0.07478729531420428
0.0085,0.044,0.0,0.0747872930107374
0.009,0.044,0.0,0.0747872907260098
0.0095,0.044,0.0,0.07478728845986791
0.01,0.044,0.0,0.07478728621215228
0.0105,0.044,0.0,0.07478728398272706
0.011,0.044,0.0,0.07478728177143577
0.0115,0.044,0.0,0.07478727957813074
0.012,0.044,0.0,0.07478727740266727
0.0125,0.044,0.0,0.07478727524490071
0.013,0.044,0.0,0.07478727310468042
0.0135,0.044,0.0,0.07478727098187647
0.014,0.044,0.0,0.07478726887633239
0.0145,0.044,0.0,0.07478726678792116
0.015,0.044,0.0,0.07478726471649517
0.0155,0.044,0.0,0.07478726266191855
0.016,0.044,0.0,0.07478726062405551
0.0165,0.044,0.0,0.0747872586027672
0.017,0.044,0.0,0.0747872565979208
0.0175,0.044,0.0,0.0747872546093834
0.018,0.044,0.0,0.07478725263702211
0.0185,0.044,0.0,0.0747872506807011
0.019,0.044,0.0,0.07478724874029637
0.0195,0.044,0.0,0.07478724681567206
0.02,0.044,0.0,0.0747872449067071
0.0205,0.044,0.0,0.07478724301326863
0.021,0.044,0.0,0.07478724113522964
0.0215,0.044,0.0,0.07478723927246908
0.022,0.044,0.0,0.07478723742485999
0.0225,0.044,0.0,0.07478723559228126
0.023,0.044,0.0,0.07478723377460594
0.0235,0.044,0.0,0.07478723197171887
0.024,0.044,0.0,0.07478723018349306
0.0245,0.044,0.0,0.0747872284098163
0.025,0.044,0.0,0.07478722665056753
0.0255,0.044,0.0,0.07478722490562567
0.026,0.044,0.0,0.07478722317488147
0.0265,0.044,0.0,0.07478722145821386
0.027,0.044,0.0,0.0747872197555106
0.0275,0.044,0.0,0.07478721806665362
0.028,0.044,0.0,0.07478721639153951
0.0285,0.044,0.0,0.07478721473004728
0.029,0.044,0.0,0.07478721308207054
0.0295,0.044,0.0,0.07478721144749713
0.03,0.044,0.0,0.07478720982622368
0.0305,0.044,0.0,0.07478720821813799
0.031,0.044,0.0,0.07478720662313079
0.0315,0.044,0.0,0.07478720504109873
0.032,0.044,0.0,0.07478720347193551
0.0325,0.044,0.0,0.07478720191553481
0.033,0.044,0.0,0.07478720037179624
0.0335,0.044,0.0,0.07478719884061352
0.034,0.044,0.0,0.07478719732188621
0.0345,0.044,0.0,0.07478719581550801
0.035,0.044,0.0,0.07478719432139036
0.0355,0.044,0.0,0.07478719283942102
0.036,0.044,0.0,0.07478719136950845
0.0365,0.044,0.0,0.07478718991155228
0.037,0.044,0.0,0.07478718846545504
0.0375,0.044,0.0,0.07478718703111929
0.038,0.044,0.0,0.07478718560845347
0.0385,0.044,0.0,0.07478718419735722
0.039,0.044,0.0,0.07478718279773897
0.0395,0.044,0.0,0.07478718140950717
0.04,0.044,0.0,0.07478718003256735
0.0405,0.044,0.0,0.07478717866682502
0.041,0.044,0.0,0.07478717731219749
0.0415,0.044,0.0,0.07478717596858434
0.042,0.044,0.0,0.07478717463589994
0.0425,0.044,0.0,0.07478717331405868
0.043,0.044,0.0,0.074787172002969
0.0435,0.044,0.0,0.07478717070253939
0.044,0.044,0.0,0.07478716941269302
0.0445,0.044,0.0,0.07478716813333544
0.045,0.044,0.0,0.0747871668643869
0.0455,0.044,0.0,0.07478716560575882
0.046,0.044,0.0,0.07478716435736853
0.0465,0.044,0.0,0.0747871631191333
0.047,0.044,0.0,0.07478716189097347
0.0475,0.044,0.0,0.07478716067280042
0.048,0.044,0.0,0.07478715946453145
0.0485,0.044,0.0,0.0747871582660957
0.049,0.044,0.0,0.07478715707741052
0.0495,0.044,0.0,0.07478715589839022
0.05,0.044,0.0,0.07478715472896101
0.0505,0.044,0.0,0.07478715356904907
0.051,0.044,0.0,0.07478715241856582
0.0515,0.044,0.0,0.0747871512774433
0.052,0.044,0.0,0.07478715014560182
0.0525,0.044,0.0,0.07478714902296754
0.053,0.044,0.0,0.0747871479094637
0.0535,0.044,0.0,0.07478714680501941
0.054,0.044,0.0,0.07478714570955791
0.0545,0.044,0.0,0.07478714462300537
0.055,0.044,0.0,0.07478714354529387
0.0555,0.044,0.0,0.07478714247634663
0.056,0.044,0.0,0.07478714141609279
0.0565,0.044,0.0,0.07478714036446443
0.057,0.044,0.0,0.07478713932139364
0.0575,0.044,0.0,0.07478713828680363
0.058,0.044,0.0,0.07478713726063532
0.0585,0.044,0.0,0.0747871362428061
0.059,0.044,0.0,0.0747871352332598
0.0595,0.044,0.0,0.07478713423192557
0.06,0.044,0.0,0.07478713323873254
0.0605,0.044,0.0,0.07478713225362164
0.061,0.044,0.0,0.07478713127652499
0.0615,0.044,0.0,0.07478713030737462
0.062,0.044,0.0,0.07478712934610857
0.0625,0.044,0.0,0.07478712839265886
0.063,0.044,0.0,0.07478712744696946
0.0635,0.044,0.0,0.07478712650896649
0.064,0.044,0.0,0.07478712557859978
0.0645,0.044,0.0,0.07478712465579548
0.065,0.044,0.0,0.07478712374049752
0.0655,0.044,0.0,0.07478712283264681
0.066,0.044,0.0,0.07478712193218136
0.0665,0.044,0.0,0.07478712103903914
0.067,0.044,0.0,0.07478712015316111
0.0675,0.044,0.0,0.0747871192744882
0.068,0.044,0.0,0.0747871184029643
0.0685,0.044,0.0,0.07478711753853036
0.069,0.044,0.0,0.07478711668112731
0.0695,0.044,0.0,0.07478711583069908
0.07,0.044,0.0,0.07478711498718361
0.0705,0.044,0.0,0.07478711415053664
0.071,0.044,0.0,0.07478711332069024
0.0715,0.044,0.0,0.07478711249759717
0.072,0.044,0.0,0.07478711168119541
0.0725,0.044,0.0,0.07478711087143773
0.073,0.044,0.0,0.07478711006826208
0.0735,0.044,0.0,0.07478710927162421
0.074,0.044,0.0,0.07478710848146504
0.0745,0.044,0.0,0.07478710769773142
0.075,0.044,0.0,0.07478710692037611
0.0755,0.044,0.0,0.07478710614934003
0.076,0.044,0.0,0.07478710538458187
0.0765,0.044,0.0,0.0747871046260396
0.077,0.044,0.0,0.07478710387366891
0.0775,0.044,0.0,0.0747871031274167
0.078,0.044,0.0,0.07478710238723567
0.0785,0.044,0.0,0.07478710165307564
0.079,0.044,0.0,0.07478710092488641
0.0795,0.044,0.0,0.07478710020262075
0.08,0.044,0.0,0.07478709948623138
0.0805,0.044,0.0,0.07478709877566518
0.081,0.044,0.0,0.07478709807088374
0.0815,0.044,0.0,0.07478709737183392
0.082,0.044,0.0,0.07478709667846845
0.0825,0.044,0.0,0.07478709599074308
0.083,0.044,0.0,0.07478709530861051
0.0835,0.044,0.0,0.07478709463202649
0.084,0.044,0.0,0.07478709396095261
0.0845,0.044,0.0,0.0747870932953298
0.085,0.044,0.0,0.07478709263512563
0.0855,0.044,0.0,0.07478709198028984
0.086,0.044,0.0,0.07478709133077817
0.0865,0.044,0.0,0.07478709068655516
0.087,0.044,0.0,0.07478709004757064
0.0875,0.044,0.0,0.0747870894137803
0.088,0.044,0.0,0.07478708878514577
0.0885,0.044,0.0,0.07478708816162863
0.089,0.044,0.0,0.0747870875431787
0.0895,0.044,0.0,0.0747870869297635
0.09,0.044,0.0,0.07478708632133577
0.0905,0.044,0.0,0.07478708571785712
0.091,0.044,0.0,0.07478708511928919
0.0915,0.044,0.0,0.07478708452558766
0.092,0.044,0.0,0.07478708393671711
0.0925,0.044,0.0,0.07478708335263619
0.093,0.044,0.0,0.07478708277330356
0.0935,0.044,0.0,0.07478708219868674
0.094,0.044,0.0,0.07478708162874144
0.0945,0.044,0.0,0.07478708106343222
0.095,0.044,0.0,0.07478708050272363
0.0955,0.044,0.0,0.07478707994657141
0.096,0.044,0.0,0.074787079394946
0.0965,0.044,0.0,0.07478707884780904
0.097,0.044,0.0,0.07478707830511916
0.0975,0.044,0.0,0.07478707776684684
0.098,0.044,0.0,0.07478707723295075
0.0985,0.044,0.0,0.07478707670339546
0.099,0.044,0.0,0.07478707617815437
0.0995,0.044,0.0,0.07478707565718319
0.1,0.044,1.0,0.07478707514044061
0.1005,0.044,1.0,0.07481563376576927
0.101,0.044,1.0,0.07531946083016779
0.1015,0.044,1.0,0.07758194165306923
0.102,0.044,1.0,0.08413979412730557
0.1025,0.044,1.0,0.10074085230790393
0.103,0.044,1.0,0.1374490464276974
0.1035,0.044,1.0,0.19969065073876088
0.104,0.044,1.0,0.28234873613249534
0.1045,0.044,1.0,0.37941010820668175
0.105,0.044,1.0,0.48770563936579797
0.1055,0.044,1.0,0.6052850863092495
0.106,0.044,1.0,0.730553972442846
0.1065,0.044,1.0,0.8620810019752839
0.107,0.044,1.0,0.9985679041841694
0.1075,0.044,1.0,1.1388638905723392
0.108,0.044,1.0,1.28195795350544
0.1085,0.044,1.0,1.4269838058754774
0.109,0.044,1.0,1.5732031692442174
0.1095,0.044,1.0,1.7199969602964462
0.11,0.044,1.0,1.8668493114531135
0.1105,0.044,1.0,2.0133337836574534
0.111,0.044,1.0,2.159101695314942
0.1115,0.044,1.0,2.3038680896098658
0.112,0.044,1.0,2.447404514342338
0.1125,0.044,1.0,2.589526581889799
0.113,0.044,1.0,2.7300901980022365
0.1135,0.044,1.0,2.8689811582756577
0.114,0.044,1.0,3.006113722162123
0.1145,0.044,1.0,3.1414221277373304
0.115,0.044,1.0,3.2748606321525218
0.1155,0.044,1.0,3.406396651470099
0.116,0.044,1.0,3.536011651799299
0.1165,0.044,1.0,3.6636956045618567
0.117,0.044,1.0,3.7894483255768017
0.1175,0.044,1.0,3.9132749746170257
0.118,0.044,1.0,4.035187591006054
0.1185,0.044,1.0,4.155201416890426
0.119,0.044,1.0,4.273336478598684
0.1195,0.044,1.0,4.389614559962903
0.12,0.044,1.0,4.504060743182215
0.1205,0.044,1.0,4.616700897332564
0.121,0.044,1.0,4.727563132694071
0.1215,0.044,1.0,4.836675700140414
0.122,0.044,1.0,4.944068337391539
0.1225,0.044,1.0,5.049770498487755
0.123,0.044,1.0,5.153812584979026
0.1235,0.044,1.0,5.256224442621247
0.124,0.044,1.0,5.357036478858787
0.1245,0.044,1.0,5.456278377672293
0.125,0.044,1.0,5.553980062702733
0.1255,0.044,1.0,5.650170497882877
0.126,0.044,1.0,5.744878732744614
0.1265,0.044,1.0,5.83813298648253
0.127,0.044,1.0,5.929961454641774
0.1275,0.044,1.0,6.020391476905134
0.128,0.044,1.0,6.109450266663534
0.1285,0.044,1.0,6.197164181534527
0.129,0.044,1.0,6.283559381618188
0.1295,0.044,1.0,6.368661187368338
0.13,0.044,1.0,6.452494673832385
0.1305,0.044,1.0,6.535084102823047
0.131,0.044,1.0,6.616453459933432
0.1315,0.044,1.0,6.696625950237227
0.132,0.044,1.0,6.775624484243739
0.1325,0.044,1.0,6.853471228196041
0.133,0.044,1.0,6.930188044502024
0.1335,0.044,1.0,7.005796089184028
0.134,0.044,1.0,7.080316211723792
0.1345,0.044,1.0,7.15376859342084
0.135,0.044,1.0,7.226173111035586
0.1355,0.044,1.0,7.297549010794857
0.136,0.044,1.0,7.367915239715445
0.1365,0.044,1.0,7.437290150800511
0.137,0.044,1.0,7.50569180547543
0.1375,0.044,1.0,7.573137706183107
0.138,0.044,1.0,7.639645072963288
0.1385,0.044,1.0,7.705230600205343
0.139,0.044,1.0,7.769910710049231
0.1395,0.044,1.0,7.833701330513252
0.14,0.044,1.0,7.896618128081991
0.1405,0.044,1.0,7.958676304811223
0.141,0.044,1.0,8.01989081219535
0.1415,0.044,1.0,8.080276165173789
0.142,0.044,1.0,8.139846639130521
0.1425,0.044,1.0,8.198616098999729
0.143,0.044,1.0,8.25659818103876
0.1435,0.044,1.0,8.313806135462377
0.144,0.044,1.0,8.370252994446403
0.1445,0.044,1.0,8.425951426917369
0.145,0.044,1.0,8.48091389408114
0.1455,0.044,1.0,8.53515251516344
0.146,0.044,1.0,8.588679211616595
0.1465,0.044,1.0,8.641505582750689
0.147,0.044,1.0,8.693643039646242
0.1475,0.044,1.0,8.745102689740232
0.148,0.044,1.0,8.795895461363283
0.1485,0.044,1.0,8.846031996452654
0.149,0.044,1.0,8.895522766534969
0.1495,0.044,1.0,8.944377972831035
0.15,0.044,1.0,8.99260765442128
0.1505,0.044,1.0,9.0402215950881
0.151,0.044,1.0,9.087229424324745
0.1515,0.044,1.0,9.13364053033231
0.152,0.044,1.0,9.179464154466373
0.1525,0.044,1.0,9.224709309866848
0.153,0.044,1.0,9.269384869878449
0.1535,0.044,1.0,9.313499491845395
0.154,0.044,1.0,9.35706169998885
0.1545,0.044,1.0,9.400079813947018
0.155,0.044,1.0,9.442562026546346
0.1555,0.044,1.0,9.484516336708117
0.156,0.044,1.0,9.525950622509455
0.1565,0.044,1.0,9.566872578115563
0.157,0.044,1.0,9.607289782488772
0.1575,0.044,1.0,9.647209640037572
0.158,0.044,1.0,9.68663944530004
0.1585,0.044,1.0,9.72558632703044
0.159,0.044,1.0,9.764057309152824
0.1595,0.044,1.0,9.802059258031647
0.16,0.044,1.0,9.839598939966098
0.1605,0.044,1.0,9.876682971413441
0.161,0.044,1.0,9.913317873270572
0.1615,0.044,1.0,9.949510023840872
0.162,0.044,1.0,9.985265710126939
0.1625,0.044,1.0,10.020591083349872
0.163,0.044,1.0,10.055492207459636
0.1635,0.044,1.0,10.089975017030538
0.164,0.044,1.0,10.124045363178858
0.1645,0.044,1.0,10.157708974323434
0.165,0.044,0.0,10.190971494818921
0.1655,0.044,0.0,10.223786749555583
0.166,0.044,0.0,10.25610564010386
0.1665,0.044,0.0,10.287929061656284
0.167,0.044,0.0,10.319257494920619
0.1675,0.044,0.0,10.350091029324851
0.168,0.044,0.0,10.380429306298547
0.1685,0.044,0.0,10.41027154799026
0.169,0.044,0.0,10.439616500125604
0.1695,0.044,0.0,10.46846245604035
0.17,0.044,0.0,10.49680719761578
0.1705,0.044,0.0,10.524648019821006
0.171,0.044,0.0,10.551981667525117
0.1715,0.044,0.0,10.578804361026558
0.172,0.044,0.0,10.605111728389888
0.1725,0.044,0.0,10.630898832338522
0.173,0.044,0.0,10.656160097884136
0.1735,0.044,0.0,10.680889341003274
0.174,0.044,0.0,10.705079691408116
0.1745,0.044,0.0,10.728723623482157
0.175,0.044,0.0,10.751812874144958
0.1755,0.044,0.0,10.774338476586728
0.176,0.044,0.0,10.796290673315752
0.1765,0.044,0.0,10.817658953301686
0.177,0.044,0.0,10.838431960469553
0.1775,0.044,0.0,10.858597534937259
0.178,0.044,0.0,10.878142617436806
0.1785,0.044,0.0,10.897053295412645
0.179,0.044,0.0,10.915314704112916
0.1795,0.044,0.0,10.93291107839548
0.18,0.044,0.0,10.949825651548407
0.1805,0.044,0.0,10.966040713720908
0.181,0.044,0.0,10.981537509898539
0.1815,0.044,0.0,10.996296305937408
0.182,0.044,0.0,11.010296287530597
0.1825,0.044,0.0,11.02351563485825
0.183,0.044,0.0,11.035931424836578
0.1835,0.044,0.0,11.047519715390838
0.184,0.044,0.0,11.058255453755967
0.1845,0.044,0.0,11.068112571319036
0.185,0.044,0.0,11.077063901222335
0.1855,0.044,0.0,11.085081284583264
0.186,0.044,0.0,11.09213550110441
0.1865,0.044,0.0,11.098196387240574
0.187,0.044,0.0,11.103232783903506
0.1875,0.044,0.0,11.107212666786635
0.188,0.044,0.0,11.110103115515779
0.1885,0.044,0.0,11.111870455838364
0.189,0.044,0.0,11.112495392161371
0.1895,0.044,0.0,11.112214610035524
0.19,0.044,0.0,11.111258436226576
0.1905,0.044,0.0,11.109581820946167
0.191,0.044,0.0,11.107104993660561
0.1915,0.044,0.0,11.103739924025827
0.192,0.044,0.0,11.099384562759964
0.1925,0.044,0.0,11.093921219526633
0.193,0.044,0.0,11.08721170507117
0.1935,0.044,0.0,11.079094567510767
0.194,0.044,0.0,11.069377364066767
0.1945,0.044,0.0,11.057831797429758
0.195,0.044,0.0,11.044180925415839
0.1955,0.044,0.0,11.028090310249617
0.196,0.044,0.0,11.009145983577046
0.1965,0.044,0.0,10.98683787804298
0.197,0.044,0.0,10.96052061368217
0.1975,0.044,0.0,10.929382371157994
0.198,0.044,0.0,10.892375181885383
0.1985,0.044,0.0,10.848161431461778
0.199,0.044,0.0,10.795005344777003
0.1995,0.044,0.0,10.73072223513105
0.2,0.044,0.0,10.652616947711154
0.2005,0.044,0.0,10.55766456191498
0.201,0.044,0.0,10.442934095479506
0.2015,0.044,0.0,10.306436405192013
0.202,0.044,0.0,10.148020328068036
0.2025,0.044,0.0,9.969648284650898
0.203,0.044,0.0,9.774835931564693
0.2035,0.044,0.0,9.567681672549792
0.204,0.044,0.0,9.35187808333661
0.2045,0.044,0.0,9.130533622062961
0.205,0.044,0.0,8.905870269044769
0.2055,0.044,0.0,8.679584742355223
0.206,0.044,0.0,8.452817538896019
0.2065,0.044,0.0,8.22643650639903
0.207,0.044,0.0,8.00105016893697
0.2075,0.044,0.0,7.777145154323461
0.208,0.044,0.0,7.555096778564768
0.2085,0.044,0.0,7.335225708296732
0.209,0.044,0.0,7.117802727324493
0.2095,0.044,0.0,6.903070686964567
0.21,0.044,0.0,6.691245994887269
0.2105,0.044,0.0,6.482527121768961
0.211,0.044,0.0,6.277094603138003
0.2115,0.044,0.0,6.075114673260985
0.212,0.044,0.0,5.876738596202527
0.2125,0.044,0.0,5.682104676487636
0.213,0.044,0.0,5.491337196726504
0.2135,0.044,0.0,5.304547994844685
0.214,0.044,0.0,5.121834946224481
0.2145,0.044,0.0,4.943283764320915
0.215,0.044,0.0,4.768966239568616
0.2155,0.044,0.0,4.598942185403669
0.216,0.044,0.0,4.43325713675546
0.2165,0.044,0.0,4.271944826988402
0.217,0.044,0.0,4.115024494956514
0.2175,0.044,0.0,3.9625039752524036
0.218,0.044,0.0,3.814376820507726
0.2185,0.044,0.0,3.670625982995177
0.219,0.044,0.0,3.531221087964504
0.2195,0.044,0.0,3.39612251309553
0.22,0.044,0.0,3.2652791708049342
0.2205,0.044,0.0,3.1386326159591773
0.221,0.044,0.0,3.0161155686431376
0.2215,0.044,0.0,2.897655597558994
0.222,0.044,0.0,2.783174389034163
0.2225,0.044,0.0,2.672590633619442
0.223,0.044,0.0,2.5658198396972014
0.2235,0.044,0.0,2.4627762727080156
0.224,0.044,0.0,2.363373022215763
0.2245,0.044,0.0,2.267523097887217
0.225,0.044,0.0,2.1751395011456767
0.2255,0.044,0.0,2.0861357501616897
0.226,0.044,0.0,2.0004258202421212
0.2265,0.044,0.0,1.9179244013008492
0.227,0.044,0.0,1.8385466808175943
0.2275,0.044,0.0,1.7622085632409061
0.228,0.044,0.0,1.6888263355273962
0.2285,0.044,0.0,1.618316966829454
0.229,0.044,0.0,1.550597717495983
0.2295,0.044,0.0,1.4855865438146372
0.23,0.044,0.0,1.4232017039782454
0.2305,0.044,0.0,1.3633622383116482
0.231,0.044,0.0,1.305987607797792
0.2315,0.044,0.0,1.2509982015470698
0.232,0.044,0.0,1.198315025928412
0.2325,0.044,0.0,1.1478601945139402
0.233,0.044,0.0,1.0995566729639281
0.2335,0.044,0.0,1.0533287195255594
0.234,0.044,0.0,1.0091016829818655
0.2345,0.044,0.0,0.9668023758438222
0.235,0.044,0.0,0.9263589187605745
0.2355,0.044,0.0,0.8877010400355596
0.236,0.044,0.0,0.8507599585385973
0.2365,0.044,0.0,0.8154686111092145
0.237,0.044,0.0,0.781761566108859
0.2375,0.044,0.0,0.7495751850070539
0.238,0.044,0.0,0.7188475595226141
0.2385,0.044,0.0,0.6895186160192148
0.239,0.044,0.0,0.661530070264691
0.2395,0.044,0.0,0.6348254839863277
0.24,0.044,0.0,0.6093502323856591
0.2405,0.044,0.0,0.5850515219505078
0.241,0.044,0.0,0.5618783668829915
0.2415,0.044,0.0,0.5397815764797991
0.242,0.044,0.0,0.5187137375157866
0.2425,0.044,0.0,0.49862917847684196
0.243,0.044,0.0,0.47948395568105767
0.2435,0.044,0.0,0.46123580055735375
0.244,0.044,0.0,0.4438441078881763
0.2445,0.044,0.0,0.427269871273678
0.245,0.044,0.0,0.4114756862406728
0.2455,0.044,0.0,0.3964258782168934
0.246,0.044,0.0,0.38208802629727157
0.2465,0.044,0.0,0.36843156285889644
0.247,0.044,0.0,0.3554264471521994
0.2475,0.044,0.0,0.3430435057952564
0.248,0.044,0.0,0.33125444306641544
0.2485,0.044,0.0,0.32003189947765737
0.249,0.044,0.0,0.3093495287955881
0.2495,0.044,0.0,0.29918195597858405
0.25,0.044,0.0,0.289504843900262
0.2505,0.044,0.0,0.28029482616179846
0.251,0.044,0.0,0.27152955018038405
0.2515,0.044,0.0,0.26318760527812357
0.252,0.044,0.0,0.2552485468075329
0.2525,0.044,0.0,0.24769282563159975
0.253,0.044,0.0,0.240501799254774
0.2535,0.044,0.0,0.23365766486577183
0.254,0.044,0.0,0.22714346194853166
0.2545,0.044,0.0,0.22094300974566472
0.255,0.044,0.0,0.21504090438075327
0.2555,0.044,0.0,0.20942246106273255
0.256,0.044,0.0,0.20407370772325886
0.2565,0.044,0.0,0.19898133202523033
0.257,0.044,0.0,0.19413267283329055
0.2575,0.044,0.0,0.18951567195573985
0.258,0.044,0.0,0.18511886431278696
0.2585,0.044,0.0,0.18093133426937869
0.259,0.044,0.0,0.17694270506344614
0.2595,0.044,0.0,0.17314309954952417
0.26,0.044,0.0,0.1695231292439963
0.2605,0.044,0.0,0.1660738592817791
0.261,0.044,0.0,0.1627867972929202
0.2615,0.044,0.0,0.15965386236936116
0.262,0.044,0.0,0.15666737388526164
0.2625,0.044,0.0,0.1538200242729487
0.263,0.044,0.0,0.1511048678245895
0.2635,0.044,0.0,0.14851529708289302
0.264,0.044,0.0,0.14604503160571752
0.2645,0.044,0.0,0.14368809778574732
0.265,0.044,0.0,0.14143881751729534
0.2655,0.044,0.0,0.13929179126847638
0.266,0.044,0.0,0.13724188655883984
0.2665,0.044,0.0,0.1352842241157227
0.267,0.044,0.0,0.13341416605179046
0.2675,0.044,0.0,0.1316273049428823
0.268,0.044,0.0,0.12991945158708204
0.2685,0.044,0.0,0.12828662684298228
0.269,0.044,0.0,0.1267250488571839
0.2695,0.044,0.0,0.1252311274989284
0.27,0.044,0.0,0.12380145096157888
0.2705,0.044,0.0,0.1224327826211833
0.271,0.044,0.0,0.12112204694923456
0.2715,0.044,0.0,0.11986632860934876
0.272,0.044,0.0,0.11866285766123497
0.2725,0.044,0.0,0.11750901069227127
0.273,0.044,0.0,0.1164022953426508
0.2735,0.044,0.0,0.1153403532491748
0.274,0.044,0.0,0.11432094397403281
0.2745,0.044,0.0,0.11334194951891914
0.275,0.044,0.0,0.11240135778953278
0.2755,0.044,0.0,0.111497268422147
0.276,0.044,0.0,0.11062787595709783
0.2765,0.044,0.0,0.1097914767099309
0.277,0.044,0.0,0.10898645185615159
0.2775,0.044,0.0,0.10821127507675797
0.278,0.044,0.0,0.10746449577108942
0.2785,0.044,0.0,0.10674474721306416
0.279,0.044,0.0,0.1060507301086836
0.2795,0.044,0.0,0.10538122101460659
0.28,0.044,0.0,0.10473505644323018
0.2805,0.044,0.0,0.10411114131821168
0.281,0.044,0.0,0.10350843380574476
0.2815,0.044,0.0,0.10292595361054009
0.282,0.044,0.0,0.10236276768037184
0.2825,0.044,0.0,0.10181799817846753
0.283,0.044,0.0,0.10129080917325416
0.2835,0.044,0.0,0.10078041415689551
0.284,0.044,0.0,0.1002860637962569
0.2845,0.044,0.0,0.09980705290061499
0.285,0.044,0.0,0.09934270927587022
0.2855,0.044,0.0,0.09889240007521195
0.286,0.044,0.0,0.09845552176844438
0.2865,0.044,0.0,0.09803150583679529
0.287,0.044,0.0,0.09761980984349909
0.2875,0.044,0.0,0.09721992245736127
0.288,0.044,0.0,0.09683135559019586
0.2885,0.044,0.0,0.0964536487527814
0.289,0.044,0.0,0.09608636220921558
0.2895,0.044,0.0,0.09572908068377985
0.29,0.044,0.0,0.09538140747131933
0.2905,0.044,0.0,0.09504296752459455
0.291,0.044,0.0,0.09471340245277686
0.2915,0.044,0.0,0.0943923730266821
0.292,0.044,0.0,0.094079554993764
0.2925,0.044,0.0,0.09377464104351471
0.293,0.044,0.0,0.09347733736639946
0.2935,0.044,0.0,0.09318736512429324
0.294,0.044,0.0,0.09290445768183263
0.2945,0.044,0.0,0.09262836162762732
0.295,0.044,0.0,0.09235883460901508
0.2955,0.044,0.0,0.09209564594921905
0.296,0.044,0.0,0.09183857502008845
0.2965,0.044,0.0,0.09158741149883617
0.297,0.044,0.0,0.09134195421755498
0.2975,0.044,0.0,0.09110201110100569
0.298,0.044,0.0,0.09086739843623899
0.2985,0.044,0.0,0.09063794053025923
0.299,0.044,0.0,0.0904134693478088
0.2995,0.044,0.0,0.0901938239248458
0.3,0.044,0.0,0.08997885032725611
0.3005,0.044,0.0,0.08976840085307937
0.301,0.044,0.0,0.08956233426943899
0.3015,0.044,0.0,0.08936051483352753
0.302,0.044,0.0,0.08916281276928623
0.3025,0.044,0.0,0.08896910313433454
0.303,0.044,0.0,0.08877926650202152
0.3035,0.044,0.0,0.08859318769860897
0.304,0.044,0.0,0.08841075666005298
0.3045,0.044,0.0,0.08823186706133998
0.305,0.044,0.0,0.08805641732068707
0.3055,0.044,0.0,0.08788430914043394
0.306,0.044,0.0,0.08771544863463468
0.3065,0.044,0.0,0.08754974479866749
0.307,0.044,0.0,0.08738711073892459
0.3075,0.044,0.0,0.08722746208639481
0.308,0.044,0.0,0.08707071830966218
0.3085,0.044,0.0,0.08691680108592194
0.309,0.044,0.0,0.08676563568075159
0.3095,0.044,0.0,0.08661714928834376
0.31,0.044,0.0,0.0864712724636245
0.3105,0.044,0.0,0.08632793744199055
0.311,0.044,0.0,0.0861870796111318
0.3115,0.044,0.0,0.08604863581927322
0.312,0.044,0.0,0.08591254587564841
0.3125,0.044,0.0,0.08577875085506459
0.313,0.044,0.0,0.08564719461744831
0.3135,0.044,0.0,0.08551782211547237
0.314,0.044,0.0,0.08539058092484197
0.3145,0.044,0.0,0.08526541956079522
0.315,0.044,0.0,0.08514228901198638
0.3155,0.044,0.0,0.08502114107076576
0.316,0.044,0.0,0.08490192986451255
0.3165,0.044,0.0,0.0847846102039333
0.317,0.044,0.0,0.08466913910648682
0.3175,0.044,0.0,0.0845554741663543
0.318,0.044,0.0,0.08444357506536107
0.3185,0.044,0.0,0.0843334019676643
0.319,0.044,0.0,0.08422491701427556
0.3195,0.044,0.0,0.0841180827450163
0.32,0.044,0.0,0.08401286357339299
0.3205,0.044,0.0,0.08390922423781047
0.321,0.044,0.0,0.0838071312541127
0.3215,0.044,0.0,0.08370655139775754
0.322,0.044,0.0,0.08360745313167994
0.3225,0.044,0.0,0.08350980512082952
0.323,0.044,0.0,0.08341357763344733
0.3235,0.044,0.0,0.08331874108899437
0.324,0.044,0.0,0.08322526743137326
0.3245,0.044,0.0,0.08313312871096858
0.325,0.044,0.0,0.08304229842861689
0.3255,0.044,0.0,0.0829527501523568
0.326,0.044,0.0,0.08286445883115236
0.3265,0.044,0.0,0.08277739944672155
0.327,0.044,0.0,0.08269154829632702
0.3275,0.044,0.0,0.0826068816798355
0.328,0.044,0.0,0.08252337715109714
0.3285,0.044,0.0,0.0824410122402745
0.329,0.044,0.0,0.0823597656734763
0.3295,0.044,0.0,0.08227961613025901
0.33,0.044,0.0,0.08220054343138272
0.3305,0.044,0.0,0.08212252733121572
0.331,0.044,0.0,0.08204554867363194
0.3315,0.044,0.0,0.08196958821903372
0.332,0.044,0.0,0.08189462776842513
0.3325,0.044,0.0,0.08182064902469748
0.333,0.044,0.0,0.08174763468507504
0.3335,0.044,0.0,0.08167556733618761
0.334,0.044,0.0,0.08160443051518591
0.3345,0.044,0.0,0.08153420763806321
0.335,0.044,0.0,0.08146488302981897
0.3355,0.044,0.0,0.08139644088546359
0.336,0.044,0.0,0.08132886626961008
0.3365,0.044,0.0,0.08126214410959517
0.337,0.044,0.0,0.08119626016495952
0.3375,0.044,0.0,0.0811312000520192
0.338,0.044,0.0,0.08106695018379735
0.3385,0.044,0.0,0.08100349682534494
0.339,0.044,0.0,0.08094082700466586
0.3395,0.044,0.0,0.0808789275981215
0.34,0.044,0.0,0.08081778621293181
0.3405,0.044,0.0,0.0807573903019506
0.341,0.044,0.0,0.0806977280183378
0.3415,0.044,0.0,0.08063878735902147
0.342,0.044,0.0,0.08058055699213704
0.3425,0.044,0.0,0.08052302542844703
0.343,0.044,0.0,0.08046618182221416
0.3435,0.044,0.0,0.08041001516985073
0.344,0.044,0.0,0.08035451508483483
0.3445,0.044,0.0,0.08029967102290184
0.345,0.044,0.0,0.08024547303166257
0.3455,0.044,0.0,0.08019191100156724
0.346,0.044,0.0,0.08013897539091283
0.3465,0.044,0.0,0.08008665650186805
0.347,0.044,0.0,0.08003494518150592
0.3475,0.044,0.0,0.07998383212220006
0.348,0.044,0.0,0.07993330853931006
0.3485,0.044,0.0,0.07988336549523503
0.349,0.044,0.0,0.07983399455445338
0.3495,0.044,0.0,0.07978518713051638
0.35,0.044,0.0,0.07973693511903814
0.3505,0.044,0.0,0.07968923026699112
0.351,0.044,0.0,0.07964206478430708
0.3515,0.044,0.0,0.07959543073475044
0.352,0.044,0.0,0.07954932062675558
0.3525,0.044,0.0,0.0795037268252634
0.353,0.044,0.0,0.079458642122397
0.3535,0.044,0.0,0.07941405916958784
0.354,0.044,0.0,0.07936997102871182
0.3545,0.044,0.0,0.07932637062388227
0.355,0.044,0.0,0.079283251273639
0.3555,0.044,0.0,0.07924060616178799
0.356,0.044,0.0,0.0791984288512067
0.3565,0.044,0.0,0.07915671277315763
0.357,0.044,0.0,0.07911545172327203
0.3575,0.044,0.0,0.0790746393687268
0.358,0.044,0.0,0.07903426972699752
0.3585,0.044,0.0,0.07899433669028696
0.359,0.044,0.0,0.07895483448763067
0.3595,0.044,0.0,0.07891575722600977
0.36,0.044,0.0,0.07887709933629686
0.3605,0.044,0.0,0.07883885513056618
0.361,0.044,0.0,0.07880101923238457
0.3615,0.044,0.0,0.07876358614975157
0.362,0.044,0.0,0.07872655069028744
0.3625,0.044,0.0,0.07868990754926768
0.363,0.044,0.0,0.07865365171018923
0.3635,0.044,0.0,0.0786177780474287
0.364,0.044,0.0,0.07858228171066292
0.3645,0.044,0.0,0.07854715775311687
