time [s],Lmtc [m],STIM [ ],Fsee [N]
0.0,0.0465018898248672,0.0006103515625,0.23391131665505313
0.0004999999999999,0.0465018823742866,-0.00030517578125,0.23390567580122498
0.001,0.0465020611882209,0.0,0.23403910663645006
0.0014999999999999,0.0465018674731254,-0.00030517578125,0.23389164065957024
0.002,0.0465018898248672,0.00030517578125,0.23390905663974557
0.0024999999999999,0.0465020388364791,0.0,0.2340202353278054
0.003,0.0465020537376403,0.00030517578125,0.23402870451916433
0.0034999999999999,0.0465020276606082,0.0,0.2340063335447384
0.004,0.046502236276865,0.00030517578125,0.23415961964422605
0.0044999999999999,0.0465021505951881,-0.0006103515625,0.234089844589364
0.005,0.0465019531548023,0.0,0.2339384017642412
0.0054999999999999,0.0465020574629306,0.0,0.23401546540287546
0.006,0.0465022921562194,0.0006103515625,0.23418798796444398
0.0064999999999999,0.0465020462870597,-0.0006103515625,0.23399795439909005
0.007,0.0465020611882209,0.00030517578125,0.23400708859875916
0.0074999999999999,0.0465021803975105,-0.00030517578125,0.2340938932192975
0.008,0.0465019643306732,0.00030517578125,0.2339284723532355
0.0084999999999999,0.0465018860995769,-0.0006103515625,0.23386986748619815
0.009,0.0465020388364791,-0.0006103515625,0.23398499119695682
0.0094999999999999,0.0465018562972545,0.0006103515625,0.23384750421899628
0.01,0.0465018935501575,-0.00030517578125,0.23387814632403167
0.0104999999999999,0.0465019568800926,0.0006103515625,0.23392660572254995
0.011,0.0465019643306732,0.0,0.2339318413407577
0.0114999999999999,0.0465017631649971,-0.00030517578125,0.23378292447105875
0.012,0.046501524746418,-0.0006103515625,0.2336136158294329
0.0124999999999999,0.0465019904077053,0.00030517578125,0.2339713977102603
0.013,0.0465019270777702,0.00030517578125,0.2339226299215613
0.0134999999999999,0.0465019419789314,0.0006103515625,0.23393337780277287
0.014,0.0465021729469299,0.00030517578125,0.23410507542458922
0.0144999999999999,0.0465019159018993,0.00030517578125,0.2339087647400838
0.015,0.0465019047260284,0.0,0.2339007627791946
0.0154999999999999,0.0465014800429344,0.00030517578125,0.23358754472403304
0.016,0.04650205001235,0.0006103515625,0.23402356990901177
0.0164999999999999,0.0465019159018993,0.0,0.23392082637789297
0.017,0.0465019829571247,0.0,0.23397061963213894
0.0174999999999999,0.0465019010007381,0.0,0.23390807631407884
0.018,0.0465019233524799,0.0006103515625,0.23392484169804123
0.0184999999999999,0.0465019047260284,0.0,0.23391057417199315
0.019,0.0465020313858985,0.0,0.2340050327949311
0.0194999999999999,0.0465021692216396,0.0006103515625,0.2341056990747815
0.02,0.0465020239353179,0.0,0.23399270735982758
0.0204999999999999,0.04650205001235,0.00030517578125,0.2340102966432579
0.021,0.0465019419789314,0.0,0.23392741854794355
0.0214999999999999,0.0465018078684806,0.0,0.2338279498486902
0.022,0.0465017072856426,0.0,0.2337579147244364
0.0224999999999999,0.0465020239353179,0.00030517578125,0.2339990970899716
0.023,0.0465021543204784,0.00030517578125,0.23409414550814478
0.0234999999999999,0.0465020686388015,0.00030517578125,0.23402582907666133
0.024,0.0465021394193172,0.00030517578125,0.23407590515876694
0.0244999999999999,0.0465018413960933,0.00030517578125,0.23385019044101837
0.025,0.0465017333626747,0.0,0.23377365048718607
0.0254999999999999,0.0465021654963493,0.0,0.2341000314596646
0.026,0.0465018711984157,0.00091552734375,0.233876287228006
0.0264999999999999,0.0465020462870597,0.00030517578125,0.2340077738347401
0.027,0.0465018525719642,0.00030517578125,0.2338614086743366
0.0274999999999999,0.0465021096169948,0.00030517578125,0.23405433963506853
0.028,0.0465021319687366,0.0006103515625,0.23406756796616204
0.0284999999999999,0.046501912176609,0.0,0.2339000470355077
0.029,0.046501874923706,0.0,0.23387327162319238
0.0294999999999999,0.046501949429512,0.0,0.23393019833146775
0.03,0.0465019196271896,-0.00030517578125,0.2339075922559035
0.0304999999999999,0.0465019382536411,0.00030517578125,0.2339215958996851
0.031,0.0465020202100276,0.00030517578125,0.23398248902561522
0.0314999999999999,0.0465018041431903,0.0,0.23382013441326452
0.032,0.0465018898248672,0.0,0.23388770569996142
0.0324999999999999,0.0465019978582859,0.0006103515625,0.23396880510589035
0.033,0.0465021431446075,-0.00030517578125,0.23407577199564175
0.0334999999999999,0.0465019196271896,0.0006103515625,0.2339051213325163
0.034,0.0465019941329956,-0.00030517578125,0.23396089906632717
0.0344999999999999,0.046502124518156,0.0006103515625,0.23405698596843927
0.035,0.0465021878480911,-0.00030517578125,0.23410074581490933
0.0354999999999999,0.046501986682415,0.0,0.23394618513544466
0.036,0.0465020425617694,0.0,0.233987115782886
0.0364999999999999,0.0465023890137672,0.00030517578125,0.23424402491288907
0.037,0.0465018637478351,-0.00030517578125,0.23384488416633706
0.0374999999999999,0.0465020909905433,0.00030517578125,0.23401634562940177
0.038,0.0465020798146724,0.0,0.23400554380938474
0.0384999999999999,0.0465019568800926,0.0,0.23391165633715835
0.039,0.0465020313858985,-0.00030517578125,0.23396730906506918
0.0394999999999999,0.0465018451213836,0.00030517578125,0.23382732993752786
0.04,0.0465020611882209,-0.00030517578125,0.2339912292148382
0.0404999999999999,0.0465018898248672,0.00030517578125,0.23386196612318377
0.041,0.046501837670803,-0.00030517578125,0.233826104889719
0.0414999999999999,0.0465020239353179,0.0,0.2339679743486607
0.042,0.0465019457042217,0.0,0.23390838306537765
0.0424999999999999,0.0465018972754478,-0.00030517578125,0.23387261561678707
0.043,0.0465021468698978,0.00030517578125,0.23405970185380728
0.0434999999999999,0.0465020090341568,0.00030517578125,0.23395343294982407
0.044,0.0465019270777702,0.00030517578125,0.2338916041221865
0.0444999999999999,0.0465020164847373,0.00030517578125,0.23395887439340374
0.045,0.0465018637478351,0.0,0.2338444342258694
0.0454999999999999,0.0465020313858985,-0.00030517578125,0.2339717071981791
0.046,0.0465018898248672,0.00030517578125,0.23386512308035118
0.0464999999999999,0.0465020686388015,0.00030517578125,0.2339998071941197
0.047,0.046502087265253,0.0,0.2340116319333446
0.0474999999999999,0.0465020090341568,0.0,0.23395087888426475
0.048,0.0465021952986717,0.0,0.23408891752469257
0.0484999999999999,0.0465021505951881,-0.00030517578125,0.2340513936811778
0.049,0.0465021841228008,0.00030517578125,0.23407315311563937
0.0494999999999999,0.0465019978582859,-0.00030517578125,0.23393028931905868
0.05,0.0465023331344127,-0.00030517578125,0.23417997924668824
0.0504999999999999,0.0465018004179,0.0,0.23377697881657886
0.051,0.0465019419789314,-0.0006103515625,0.23388798658683513
0.0514999999999999,0.0465022213757038,0.0,0.23409707984023856
0.052,0.0465017445385456,-0.00030517578125,0.23373845875914298
0.0524999999999999,0.0465019270777702,-0.00030517578125,0.23388120495835577
0.053,0.0465020649135112,-0.00030517578125,0.23398479638860842
0.0534999999999999,0.04650205001235,0.0006103515625,0.23397203333476768
0.054,0.0465018823742866,-0.00030517578125,0.23384621019827082
0.0544999999999999,0.0465021133422851,0.00030517578125,0.23402044247060158
0.055,0.0465020760893821,0.0,0.23399012891086837
0.0554999999999999,0.0465018153190612,0.0,0.23379401117333443
0.056,0.0465021766722202,-0.0006103515625,0.23406709859227837
0.0564999999999999,0.0465018898248672,0.0,0.233849779265376
0.057,0.0465020015835762,0.0,0.23393545042815153
0.0574999999999999,0.0465020388364791,0.0,0.23396274620973784
0.058,0.0465018190443515,0.0,0.2337986178941695
0.0584999999999999,0.0465019792318344,0.00030517578125,0.23392253438749153
0.059,0.0465017259120941,0.00030517578125,0.23373558324241817
0.0595,0.0465018302202224,0.00030517578125,0.23382073820364077
0.06,0.0465020053088665,-0.00030517578125,0.23395439874293225
0.0605,0.0465018488466739,0.00030517578125,0.23383683121965843
0.061,0.0465020835399627,-0.00030517578125,0.2340141282297991
0.0615,0.0465020760893821,0.0,0.23400620683010642
0.062,0.0465020462870597,-0.00030517578125,0.23398180547706687
0.0625,0.0465022288262844,0.0,0.23411644791044223
0.0629999999999999,0.0465020909905433,0.0,0.2340088177452433
0.0635,0.046502199023962,-0.00030517578125,0.2340872647320382
0.0639999999999999,0.046501912176609,0.0,0.23386960607805413
0.0645,0.0465019457042217,-0.00030517578125,0.23389651833614414
0.0649999999999999,0.046501949429512,0.00030517578125,0.23390017501490207
0.0655,0.0465018041431903,-0.0006103515625,0.2337936286479481
0.0659999999999999,0.0465019643306732,0.0,0.23391744744536752
0.0665,0.0465017855167388,0.0,0.23378491904470322
0.0669999999999999,0.0465021580457687,0.0006103515625,0.2340665834090533
0.0675,0.0465018078684806,0.0,0.23380215640683777
0.0679999999999999,0.0465020127594471,0.0006103515625,0.23395880880124123
0.0685,0.0465019941329956,0.0,0.23394380246679883
0.0689999999999999,0.0465021207928657,0.00030517578125,0.23403754736746496
0.0695,0.0465020164847373,0.0,0.233956831547157
0.0699999999999999,0.0465019382536411,0.0,0.23389765850576355
0.0705,0.0465020611882209,0.0006103515625,0.23398971353286896
0.0709999999999999,0.0465017147362232,-0.0006103515625,0.233730956711831
0.0715,0.0465019606053829,0.0,0.23392089173455102
0.0719999999999999,0.046502087265253,-0.00030517578125,0.2340150896670914
0.0725,0.0465021878480911,0.00030517578125,0.23408778223454485
0.0729999999999999,0.0465018413960933,-0.00030517578125,0.23382595430535952
0.0735,0.0465019084513187,0.00091552734375,0.23387924283079936
0.0739999999999999,0.0465022288262844,0.00030517578125,0.23411891786670827
0.0745,0.0465017855167388,0.0,0.23378365708283613
0.0749999999999999,0.0465021096169948,-0.0006103515625,0.23402951292660423
0.0755,0.0465021878480911,0.0,0.23408518587101793
0.0759999999999999,0.0465020798146724,0.00030517578125,0.23400055209128567
0.0765,0.046502161771059,0.0,0.23405964945710594
0.0769999999999999,0.0465021729469299,0.00030517578125,0.23406452306621853
0.0775,0.0465019792318344,0.00030517578125,0.23391649283154176
0.0779999999999999,0.0465019717812538,-0.00030517578125,0.23391103678830694
0.0785,0.0465019233524799,-0.00030517578125,0.23387568592236244
0.0789999999999999,0.0465018227696418,-0.00030517578125,0.23380352929558718
0.0795,0.0465020574629306,-0.00030517578125,0.23398228276969174
0.0799999999999999,0.0465020239353179,0.0,0.23395564077426642
0.0805,0.0465021207928657,-0.00030517578125,0.23402700009400346
0.0809999999999999,0.0465020015835762,0.0006103515625,0.2339354567993168
0.0815,0.0465021654963493,-0.00030517578125,0.23405722590438513
0.0819999999999999,0.0465022325515747,0.0006103515625,0.23410382038472113
0.0825,0.0465018115937709,0.0006103515625,0.23378607723883024
0.0829999999999999,0.0465018562972545,0.0,0.23382528965373253
0.0835,0.0465019270777702,-0.00030517578125,0.23388173211057206
0.0839999999999999,0.0465019643306732,0.00030517578125,0.23391076616998138
0.0845,0.0465021282434463,-0.00030517578125,0.2340331442153978
0.0849999999999999,0.0465021356940269,0.00030517578125,0.2340358668975492
0.0855,0.0465019643306732,0.0,0.23390514620451447
0.0859999999999999,0.0465020574629306,0.00030517578125,0.23397487519229465
0.0865,0.0465019159018993,0.0,0.23386784910007552
0.0869999999999999,0.0465021096169948,-0.00030517578125,0.23401355442919392
0.0875,0.0465020835399627,0.0006103515625,0.23399181037388456
0.0879999999999999,0.0465019345283508,0.00030517578125,0.23387918921024378
0.0885,0.0465021282434463,0.0,0.23402460153758853
0.0889999999999999,0.0465019010007381,-0.00030517578125,0.23385301791562882
0.0895,0.0465019047260284,0.0,0.23385850481119722
0.0899999999999999,0.0465020760893821,0.00030517578125,0.23398797427192355
0.0905,0.0465023219585418,0.00030517578125,0.23416971524007374
0.0909999999999999,0.0465022586286067,-0.0006103515625,0.23411636593968235
0.0915,0.0465020462870597,0.0006103515625,0.23395321117495216
0.0919999999999999,0.0465019680559635,0.0,0.23389424105239762
0.0925,0.0465021841228008,0.0,0.23405602774559214
0.0929999999999999,0.0465020574629306,0.0,0.23395824932646214
0.0935,0.0465020611882209,0.0006103515625,0.233960092659805
0.0939999999999999,0.0465019978582859,0.00030517578125,0.2339119223112606
0.0945,0.0465017594397068,0.0,0.23373616129264183
0.0949999999999999,0.0465020127594471,0.0,0.23393150522066972
0.0955,0.0465020909905433,0.00030517578125,0.2339894951875094
0.0959999999999999,0.0465021356940269,0.0,0.23402108903486174
0.0965,0.0465021952986717,0.00030517578125,0.23406311793995382
0.0969999999999999,0.0465021133422851,-0.00030517578125,0.2339985243413156
0.0975,0.0465021096169948,0.00030517578125,0.23399384931952552
0.0979999999999999,0.0465019531548023,-0.00030517578125,0.23387569598182253
0.0985,0.0465021058917045,0.0,0.23399068620955124
0.0989999999999999,0.046502236276865,0.00030517578125,0.23408614340075803
0.0995,0.0465022064745426,0.00030517578125,0.23405996866359485
0.0999999999999999,0.0465020649135112,0.0,0.23395105737860217
0.1005,0.0465019941329956,-0.00030517578125,0.23389746441451484
0.1009999999999999,0.0465020909905433,0.0,0.23397021342015195
0.1015,0.0465019084513187,-0.00030517578125,0.23383295511834265
0.1019999999999999,0.0465021580457687,0.0,0.23402165491315446
0.1025,0.0465021319687366,0.0,0.23399973462553245
0.1029999999999999,0.046501874923706,-0.00030517578125,0.23380696555703837
0.1035,0.0465020947158336,-0.00030517578125,0.23397461381191614
0.1039999999999999,0.0465018227696418,0.0,0.23377159307594972
0.1045,0.0465021133422851,0.00030517578125,0.233993264738583
0.1049999999999999,0.0465020276606082,0.0,0.2339275318317496
0.1055,0.0465021394193172,-0.00030517578125,0.23401060234682516
0.1059999999999999,0.0465022921562194,0.0,0.23412227225434443
0.1065,0.0465018935501575,0.00030517578125,0.2338205593390449
0.1069999999999999,0.0465019941329956,-0.0006103515625,0.23389941350442303
0.1075,0.0465019792318344,0.00030517578125,0.2338894341682683
0.1079999999999999,0.0465019010007381,0.0,0.23383319806838554
0.1085,0.0465021468698978,0.00030517578125,0.2340191063334627
0.1089999999999999,0.046501874923706,0.00030517578125,0.2338146331466194
0.1095,0.0465018488466739,0.00030517578125,0.2338003958646962
0.1099999999999999,0.0465017706155777,0.00030517578125,0.2337483531153325
0.1105,0.0465021058917045,-0.00030517578125,0.2340039930110319
0.1109999999999999,0.0465021878480911,0.0,0.23406293466774725
0.1115,0.046501699835062,0.00030517578125,0.2336965089448045
0.1119999999999999,0.0465019606053829,0.00030517578125,0.23389915965643682
0.1125,0.0465021766722202,0.00030517578125,0.23406083432747568
0.1129999999999999,0.0465019978582859,-0.00030517578125,0.233924037604102
0.1135,0.0465019568800926,0.0,0.23389327546625407
0.1139999999999999,0.0465021207928657,-0.00030517578125,0.2340160469287438
0.1145,0.0465020760893821,0.00030517578125,0.2339803670364441
0.1149999999999999,0.0465020164847373,-0.00091552734375,0.23393443300956576
0.1155,0.0465022809803485,0.0,0.23413146037459034
0.1159999999999999,0.0465020239353179,-0.00030517578125,0.23393463577769377
0.1165,0.046501949429512,0.00030517578125,0.23387876222212783
0.1169999999999999,0.0465020462870597,-0.0006103515625,0.23395222324189371
0.1175,0.046502124518156,0.0,0.2340097488534633
0.118,0.0465018637478351,-0.00030517578125,0.23381385255997492
0.1185,0.0465021654963493,0.00030517578125,0.23404188840176282
0.119,0.046502336859703,0.00030517578125,0.23416663151298378
0.1195,0.0465018562972545,0.0,0.23380268410582608
0.12,0.0465020313858985,-0.00091552734375,0.23393737416802074
0.1205,0.0465023666620254,0.0,0.23418718174695297
0.121,0.0465020686388015,0.0,0.23395845089037395
0.1215,0.0465020723640918,0.0,0.23396028897735924
0.122,0.0465019717812538,0.0006103515625,0.2338845519670169
0.1225,0.0465021915733814,0.00030517578125,0.2340493701467565
0.123,0.0465019643306732,0.0,0.23387708439800062
0.1235,0.0465020202100276,0.0,0.23392014056652882
0.124,0.0465022884309291,0.0,0.2341200741551778
0.1245,0.0465020015835762,0.0,0.23390123394515033
0.125,0.046502124518156,0.00030517578125,0.23399336521263434
0.1254999999999999,0.0465019755065441,0.0,0.23388086491789303
0.126,0.0465018004179,0.0,0.23375375973331655
0.1264999999999999,0.046502161771059,-0.00030517578125,0.23402863970488033
0.127,0.0465018935501575,0.0006103515625,0.23382659935433828
0.1274999999999999,0.0465019196271896,-0.00030517578125,0.2338499244464493
0.128,0.046502087265253,-0.00030517578125,0.2339770474106063
0.1284999999999999,0.046501625329256,0.0,0.23363329636619312
0.129,0.0465020202100276,0.0,0.2339378715777541
0.1294999999999999,0.0465020425617694,-0.0006103515625,0.23395404867453007
0.13,0.0465019308030605,0.0006103515625,0.2338701702575285
0.1304999999999999,0.0465017110109329,-0.00030517578125,0.23370950056331893
0.131,0.0465022698044776,0.0,0.23413247498084694
0.1314999999999999,0.0465018972754478,0.00030517578125,0.23384993680070537
0.132,0.0465017855167388,0.0,0.2337708559699258
0.1324999999999999,0.0465019904077053,0.0,0.23392884789080687
0.133,0.0465020202100276,0.0006103515625,0.23395069479553962
0.1334999999999999,0.0465019717812538,0.0006103515625,0.23391378885909891
0.134,0.046501949429512,-0.00030517578125,0.23389744688088057
0.1344999999999999,0.0465024001896381,0.0006103515625,0.2342342349363122
0.135,0.0465022474527359,0.0,0.23411259605512474
0.1354999999999999,0.0465022884309291,0.00030517578125,0.23413854563907407
0.136,0.0465021431446075,0.0,0.23402489823850864
0.1364999999999999,0.0465019308030605,0.0006103515625,0.23386389052035184
0.137,0.0465021543204784,0.0,0.23403193761556504
0.1374999999999999,0.0465018972754478,0.0006103515625,0.23383757024971208
0.138,0.0465021394193172,0.0006103515625,0.234020516615072
0.1384999999999999,0.0465019829571247,-0.0006103515625,0.23390150880857596
0.139,0.0465019382536411,0.0,0.2338693865297806
0.1394999999999999,0.0465021021664142,-0.00030517578125,0.23399300851408605
0.14,0.0465020388364791,0.0,0.23394397009370502
0.1404999999999999,0.046501986682415,-0.0006103515625,0.23390450482837746
0.141,0.0465020090341568,0.0,0.23392165230923262
0.1414999999999999,0.0465020760893821,-0.00030517578125,0.23397153368918236
0.142,0.0465018339455127,0.0,0.2337906094056752
0.1424999999999999,0.0465021431446075,0.00030517578125,0.23402525873645852
0.143,0.0465019233524799,0.0,0.23385916527700817
0.1434999999999999,0.0465021915733814,0.00030517578125,0.23406071005374768
0.144,0.046501986682415,0.00030517578125,0.23390458515798115
0.1444999999999999,0.0465020984411239,0.0,0.2339882273053011
0.145,0.0465021654963493,0.00030517578125,0.23403652590636745
0.1454999999999999,0.04650205001235,-0.00030517578125,0.2339474219936453
0.146,0.0465023182332515,-0.0006103515625,0.23414673899121335
0.1464999999999999,0.0465020798146724,-0.00030517578125,0.23396344792933332
0.147,0.0465018115937709,0.00030517578125,0.23376379819554158
0.1474999999999999,0.0465018935501575,-0.00030517578125,0.23383078963841045
0.148,0.0465024001896381,0.0,0.23421056444736427
0.1484999999999999,0.046502124518156,0.0,0.23399791079938007
0.149,0.0465019568800926,0.00030517578125,0.2338714233295967
0.1494999999999999,0.0465019643306732,-0.00030517578125,0.23387892944379043
0.15,0.0465021058917045,0.0,0.23398555350503533
0.1504999999999999,0.0465020239353179,0.0,0.23392292547918792
0.151,0.0465019159018993,0.0,0.23384316524019141
0.1514999999999999,0.0465020835399627,0.00030517578125,0.233970573823494
0.152,0.0465022176504135,0.0006103515625,0.2340692833481774
0.1524999999999999,0.046501986682415,0.0,0.2338937028375928
0.153,0.0465018451213836,0.0006103515625,0.23379067293659836
0.1534999999999999,0.0465022251009941,0.0,0.2340778866135547
0.154,0.0465019308030605,0.0,0.2338550251688959
0.1544999999999999,0.0465019531548023,0.00030517578125,0.23387414166753898
0.155,0.0465021915733814,0.0,0.23405292366250952
0.1554999999999999,0.0465020574629306,0.00030517578125,0.23394966269717804
0.156,0.0465019047260284,0.0,0.2338357004126146
0.1564999999999999,0.0465022139251232,0.0006103515625,0.23406858214427287
0.157,0.0465020239353179,0.0,0.23392329222141478
0.1574999999999999,0.0465019792318344,0.0006103515625,0.23388994336362992
0.158,0.046502087265253,-0.00030517578125,0.23397127066707524
0.1584999999999999,0.0465024262666702,0.00030517578125,0.2342230956302584
0.159,0.0465019531548023,-0.0006103515625,0.23386336344085848
0.1594999999999999,0.0465023219585418,0.00030517578125,0.23413985820844627
0.16,0.0465022101998329,0.0,0.2340511725102214
0.1604999999999999,0.0465020835399627,0.0,0.2339534958626563
0.161,0.0465022064745426,0.00030517578125,0.23404437928062738
0.1614999999999999,0.0465021841228008,0.0,0.23402479111378083
0.162,0.0465020835399627,0.00030517578125,0.23394731784378903
0.1624999999999999,0.0465021356940269,0.0006103515625,0.23398562676236764
0.163,0.0465020425617694,0.00030517578125,0.23391468723770575
0.1634999999999999,0.0465019568800926,0.0,0.23385174816487275
0.164,0.0465020164847373,0.00030517578125,0.23389894929157592
0.1644999999999999,0.0465020388364791,-0.00030517578125,0.23391641469098048
0.165,0.0465020760893821,0.00030517578125,0.2339442779581214
0.1654999999999999,0.0465020537376403,-0.00030517578125,0.23392699809141795
0.166,0.0465021431446075,0.0,0.23399350565438037
0.1664999999999999,0.0465019978582859,0.0,0.23388333707319586
0.167,0.046502161771059,-0.00030517578125,0.23400647985414966
0.1674999999999999,0.0465021133422851,0.00030517578125,0.23396828154815008
0.168,0.0465019233524799,0.0,0.23382617436587116
0.1684999999999999,0.0465020313858985,0.0,0.23391045769262306
0.169,0.0465018786489963,0.00030517578125,0.23379839707649966
0.1694999999999999,0.046501949429512,0.0006103515625,0.23385580548964852
0.17,0.0465022847056388,-0.0006103515625,0.23410725175528918
0.1704999999999999,0.0465020984411239,0.00030517578125,0.2339638430149082
0.171,0.0465018451213836,0.0,0.2337752009707565
0.1714999999999999,0.0465019308030605,-0.0006103515625,0.2338450575573214
0.172,0.0465020537376403,0.0006103515625,0.23393924826989124
0.1725,0.0465020127594471,0.0006103515625,0.2339081672645184
0.173,0.0465021096169948,-0.00030517578125,0.2339806535502963
0.1735,0.0465021394193172,-0.00030517578125,0.23400143368519755
0.174,0.0465021207928657,0.0,0.23398558899257352
0.1745,0.0465019531548023,0.00030517578125,0.23385879565666567
0.175,0.0465023480355739,0.0,0.23415469475717418
0.1755,0.0465021915733814,0.00030517578125,0.2340322946004288
0.176,0.0465017929673194,-0.00030517578125,0.23373378777154954
0.1765,0.0465021952986717,0.0006103515625,0.2340399950189844
0.177,0.0465020686388015,0.0,0.23394259721005395
0.1775,0.0465022772550582,0.00030517578125,0.23409771496718038
0.178,0.0465018674731254,0.0,0.23378884090106355
0.1785,0.0465019829571247,0.00091552734375,0.23388024571515836
0.179,0.0465019345283508,0.0,0.23384642034852904
0.1795,0.0465020090341568,0.0,0.23390459746223044
0.18,0.0465022809803485,0.0,0.23410767950405775
0.1805,0.0465021729469299,0.00030517578125,0.23402264004298154
0.181,0.0465020127594471,0.00030517578125,0.2339009163514515
0.1815,0.0465020574629306,0.0,0.23393482893284737
0.182,0.0465021505951881,0.0,0.23400390212299646
0.1825,0.0465018600225448,-0.00030517578125,0.23378590612706596
0.183,0.0465019196271896,0.00030517578125,0.23383624130985498
0.1835,0.0465022213757038,0.0,0.2340634912007583
0.184,0.0465017855167388,0.0,0.23373633569295105
0.1845,0.0465020351111888,-0.00030517578125,0.2339291008240387
0.185,0.0465019419789314,0.0006103515625,0.2338599411851895
0.1855,0.0465022996068,-0.00030517578125,0.23412816026992875
0.186,0.0465018302202224,0.0,0.23377415227743237
0.1865,0.0465021356940269,0.0,0.23400663624266627
0.187,0.0465023331344127,0.0006103515625,0.23415168163218555
0.1875,0.0465020425617694,-0.00030517578125,0.23392954212601186
0.1879999999999999,0.0465018115937709,0.00030517578125,0.2337589900214255
0.1885,0.0465017743408679,-0.00030517578125,0.23373845637674048
0.1889999999999999,0.0465022064745426,0.0006103515625,0.23406630972298387
0.1895,0.0465021580457687,0.00030517578125,0.23402667522179801
0.1899999999999999,0.0465020909905433,0.0006103515625,0.233974107635842
0.1905,0.0465021766722202,0.0,0.234036746721598
0.1909999999999999,0.0465019531548023,0.0,0.23386763389107243
0.1915,0.046502087265253,0.00030517578125,0.2339692405875335
0.1919999999999999,0.0465020909905433,0.00030517578125,0.23397079122352415
0.1925,0.0465022698044776,0.0,0.23410305502079776
0.1929999999999999,0.0465019978582859,0.0,0.23389603497582523
0.1935,0.0465022176504135,0.00030517578125,0.23406052033450842
0.1939999999999999,0.0465022511780262,0.00030517578125,0.23408210700743354
0.1945,0.046501986682415,0.00030517578125,0.23388112244761786
0.1949999999999999,0.0465020313858985,0.0,0.2339159608100041
0.1955,0.0465020202100276,0.0,0.23390807161437133
0.1959999999999999,0.0465018711984157,0.00030517578125,0.23379887416622264
0.1965,0.0465021021664142,0.0006103515625,0.23397522496823744
0.1969999999999999,0.0465020537376403,0.00030517578125,0.23393773178249247
0.1975,0.0465020351111888,0.00030517578125,0.23392340434507486
0.1979999999999999,0.0465020462870597,0.0,0.23393165174610228
0.1985,0.0465019270777702,0.0,0.23384330910068538
0.1989999999999999,0.0465018115937709,0.00030517578125,0.23376189126537053
0.1995,0.0465019755065441,-0.00030517578125,0.23389032365075782
0.1999999999999999,0.0465018115937709,0.0006103515625,0.2337708688151603
0.2005,0.0465020276606082,-0.0006103515625,0.23393723772986103
0.2009999999999999,0.0465019717812538,0.0,0.23389520695711885
0.2015,0.0465020239353179,-0.00030517578125,0.23393475141805725
0.2019999999999999,0.0465021841228008,-0.0006103515625,0.23405376407463113
0.2025,0.04650205001235,0.00030517578125,0.23395054128598378
0.2029999999999999,0.0465018190443515,0.0,0.23377888812954895
0.2035,0.0465019680559635,0.00030517578125,0.23389541593072755
0.2039999999999999,0.0465018711984157,0.0006103515625,0.23382506950338633
0.2045,0.0465020127594471,0.0,0.23393392346794006
0.2049999999999999,0.0465018972754478,0.00030517578125,0.23384801309152123
0.2055,0.0465019308030605,-0.00030517578125,0.23387566128993095
0.2059999999999999,0.046502124518156,0.0006103515625,0.23402103287476564
0.2065,0.0465019568800926,0.0,0.23389340279742915
0.2069999999999999,0.0465021692216396,0.00030517578125,0.234052301920644
0.2075,0.0465020611882209,-0.00030517578125,0.2339684111901174
0.2079999999999999,0.046502199023962,0.00030517578125,0.23406997626943316
0.2085,0.0465020798146724,-0.00030517578125,0.2339774408625993
0.2089999999999999,0.0465020090341568,0.00030517578125,0.23392327152103018
0.2095,0.046502087265253,-0.00030517578125,0.23398152223621838
0.2099999999999999,0.0465019755065441,0.00030517578125,0.23389681971486756
0.2105,0.0465020984411239,-0.00030517578125,0.233988858057403
0.2109999999999999,0.0465024039149284,0.00030517578125,0.23421492387327694
0.2115,0.0465020462870597,0.00030517578125,0.23394093355673226
0.2119999999999999,0.046502199023962,0.0,0.2340543418787974
0.2125,0.046502336859703,0.0006103515625,0.23415406032096883
0.2129999999999999,0.0465019717812538,-0.00030517578125,0.23387650667974036
0.2135,0.0465020909905433,0.0006103515625,0.2339665853112141
0.2139999999999999,0.0465023443102836,0.0,0.23415431746034668
0.2145,0.0465022064745426,-0.00030517578125,0.2340458679644363
0.2149999999999999,0.0465021878480911,0.0006103515625,0.23402899720976872
0.2155,0.0465018153190612,0.00030517578125,0.23374954304851694
0.2159999999999999,0.0465018339455127,0.0006103515625,0.23377145295494903
0.2165,0.0465018302202224,-0.00030517578125,0.2337753995466657
0.2169999999999999,0.0465020723640918,0.0006103515625,0.23396083428246608
0.2175,0.0465019382536411,0.0006103515625,0.23386021153597664
0.2179999999999999,0.046501874923706,0.0,0.23381636461941507
0.2185,0.0465021133422851,0.0006103515625,0.23399744149428037
0.2189999999999999,0.0465019159018993,-0.00030517578125,0.23384877968232384
0.2195,0.0465019457042217,0.00030517578125,0.23387409469517614
0.2199999999999999,0.0465018860995769,0.00030517578125,0.2338322572648925
0.2205,0.0465021096169948,0.0,0.23400160449321952
0.2209999999999999,0.0465020760893821,-0.00030517578125,0.23397455256794378
0.2215,0.0465020015835762,0.0,0.23391773172319663
0.2219999999999999,0.0465019047260284,0.0,0.23384640218076896
0.2225,0.046502199023962,0.0,0.2340676556736248
0.2229999999999999,0.0465018115937709,0.0,0.23377616454585384
0.2235,0.0465019755065441,-0.00030517578125,0.2339036957877271
0.2239999999999999,0.0465019755065441,0.00030517578125,0.23390429082975073
0.2245,0.0465018935501575,0.0,0.23384430530771808
0.2249999999999999,0.0465020239353179,0.00030517578125,0.2339440052063923
0.2255,0.0465019196271896,0.00030517578125,0.23386590588742256
0.2259999999999999,0.046501874923706,0.00030517578125,0.23383541710122804
0.2265,0.0465020462870597,0.0,0.23396589946294
0.2269999999999999,0.0465019345283508,0.00030517578125,0.23388160240979428
0.2275,0.0465020351111888,0.0006103515625,0.2339576672809141
0.2279999999999999,0.0465020127594471,0.0,0.2339400018926304
0.2285,0.0465018413960933,0.0,0.233812181626522
0.2289999999999999,0.046502087265253,0.00030517578125,0.23399884568667653
0.2295,0.0465020574629306,-0.0006103515625,0.23397461943546252
0.2299999999999999,0.0465018451213836,-0.00030517578125,0.23381562996596875
0.2305,0.0465019345283508,0.00030517578125,0.23388603805671757
0.2309999999999999,0.0465021282434463,-0.00030517578125,0.2340311322525052
0.2315,0.0465018972754478,-0.0006103515625,0.2338564535716745
0.2319999999999999,0.0465019047260284,-0.0006103515625,0.2338648228249625
0.2325,0.0465021133422851,0.0,0.23402172872761073
0.2329999999999999,0.0465020164847373,-0.0006103515625,0.23394695447732275
0.2335,0.046501949429512,0.00030517578125,0.23389616402348376
0.2339999999999999,0.0465020425617694,0.00030517578125,0.23396608339041347
0.2345,0.0465020947158336,0.0,0.23400383945531278
0.235,0.046501949429512,-0.00030517578125,0.23389358542823332
0.2355,0.0465019568800926,0.0,0.23389998120176628
0.236,0.0465021282434463,0.0,0.23402811987665895
0.2365,0.0465019270777702,0.0,0.2338756613882148
0.237,0.046501912176609,-0.0006103515625,0.2338666612382157
0.2375,0.0465020649135112,0.0,0.23398202219979933
0.238,0.0465019159018993,0.00030517578125,0.23386965467154489
0.2385,0.0465018860995769,-0.00030517578125,0.23384995754034818
0.239,0.0465018153190612,-0.00030517578125,0.23380095748636692
0.2395,0.0465019047260284,0.00030517578125,0.23387238526006587
0.24,0.0465018115937709,0.0,0.23380578095504886
0.2405,0.0465020574629306,0.0006103515625,0.2339926272214369
0.241,0.0465021431446075,0.0,0.23405459028242842
0.2415,0.0465018711984157,0.0,0.23384833104536568
0.242,0.0465021468698978,0.0,0.23405559970203738
0.2425,0.0465017929673194,0.0,0.2337886216663975
0.243,0.0465020686388015,0.0,0.23399833737999076
0.2435,0.0465018562972545,0.0,0.2338382821550278
0.244,0.0465019717812538,0.0006103515625,0.2339271220818372
0.2445,0.046501986682415,-0.00030517578125,0.23393793720043204
0.245,0.0465019047260284,0.00030517578125,0.2338765497182107
0.2455,0.0465019792318344,0.0,0.2339333112405501
0.246,0.0465021654963493,0.00030517578125,0.23407172284044317
0.2465,0.0465022176504135,-0.00030517578125,0.23410695743568827
0.247,0.0465018674731254,0.0,0.23384179363421492
0.2475,0.0465022064745426,-0.00030517578125,0.2340965184630493
0.248,0.0465019904077053,0.0006103515625,0.23393103371980795
0.2485,0.0465018041431903,0.00030517578125,0.23379289525550342
0.249,0.0465018898248672,0.00030517578125,0.2338618685139052
0.2495,0.0465022101998329,-0.0006103515625,0.23410206520700225
0.25,0.0465022884309291,0.00030517578125,0.2341558623631755
0.2504999999999999,0.0465020574629306,0.00030517578125,0.233977782288083
0.251,0.0465020984411239,0.0006103515625,0.23400690217355566
0.2514999999999999,0.0465021654963493,0.00030517578125,0.23405483694080056
0.252,0.0465020090341568,-0.00030517578125,0.23393486786535395
0.2524999999999999,0.0465020835399627,0.00030517578125,0.23399001701994832
0.253,0.0465019010007381,0.0,0.23385261594453702
0.2534999999999999,0.0465021841228008,-0.00030517578125,0.2340652566430467
0.254,0.0465016476809978,0.0,0.2336635300807938
0.2544999999999999,0.0465019829571247,0.0006103515625,0.23392256954766988
0.255,0.0465022213757038,0.0,0.23410005980721488
0.2554999999999999,0.0465021952986717,0.0,0.23407625574120935
0.256,0.0465020835399627,0.00030517578125,0.23398911157291313
0.2564999999999999,0.0465022176504135,0.00030517578125,0.23408748787213324
0.257,0.0465018786489963,-0.00030517578125,0.2338312434230161
0.2574999999999999,0.0465019233524799,0.0,0.23386807902186232
0.258,0.0465020462870597,-0.00030517578125,0.23396124196348705
0.2584999999999999,0.0465020202100276,0.0006103515625,0.23394071525842886
0.259,0.0465020611882209,-0.00030517578125,0.23397070523439228
0.2594999999999999,0.0465019978582859,0.0,0.23392217771838333
0.26,0.0465020276606082,0.0,0.23394428829267574
0.2604999999999999,0.0465020984411239,-0.00030517578125,0.233996414937985
0.261,0.0465021394193172,0.00030517578125,0.23402506402645318
0.2614999999999999,0.0465021654963493,0.0,0.23404194429589176
0.262,0.046502161771059,-0.00030517578125,0.23403618946387608
0.2624999999999999,0.046502087265253,0.00030517578125,0.23397780434125665
0.263,0.0465020574629306,0.00030517578125,0.23395417823236023
0.2634999999999999,0.04650205001235,0.0006103515625,0.23394776051156035
0.264,0.0465020649135112,0.00030517578125,0.23395817263064742
0.2644999999999999,0.0465021021664142,-0.00030517578125,0.2339849878913978
0.265,0.0465021505951881,0.00030517578125,0.23401950280136244
0.2654999999999999,0.0465021803975105,0.00030517578125,0.23403936930793964
0.266,0.0465020947158336,-0.00030517578125,0.23397260520979177
0.2664999999999999,0.0465019606053829,0.0,0.23387132088767013
0.267,0.0465021207928657,0.00030517578125,0.2339921299722556
0.2674999999999999,0.0465019270777702,0.0,0.23384604009336826
0.268,0.0465021170675754,0.00030517578125,0.23398999670829612
0.2684999999999999,0.0465020313858985,-0.0006103515625,0.23392437852619224
0.269,0.0465020760893821,0.0006103515625,0.23395760027069826
0.2694999999999999,0.0465017557144165,0.0,0.2337191321683535
0.27,0.0465021096169948,0.00030517578125,0.23398984879930756
0.2704999999999999,0.0465021952986717,-0.0006103515625,0.2340521229362623
0.271,0.0465020760893821,0.00091552734375,0.23396004308395707
0.2714999999999999,0.0465020351111888,0.0,0.2339284227449326
0.272,0.0465021952986717,-0.0006103515625,0.2340476376570123
0.2724999999999999,0.0465018190443515,-0.00030517578125,0.23376494005894793
0.273,0.0465017296373844,0.0,0.23370650435861684
0.2734999999999999,0.0465021505951881,0.0,0.23402753276324736
0.274,0.0465019084513187,0.0,0.2338447903446388
0.2744999999999999,0.0465020649135112,0.00030517578125,0.23396377119991482
0.275,0.0465022847056388,-0.00091552734375,0.23412651740085147
0.2754999999999999,0.0465019717812538,0.00030517578125,0.23388831371746022
0.276,0.0465019457042217,0.0,0.2338705913039536
0.2764999999999999,0.0465017706155777,0.0,0.23374294049643116
0.277,0.0465022884309291,0.00030517578125,0.23413419694834256
0.2774999999999999,0.0465020388364791,0.0006103515625,0.23394287286427468
0.278,0.0465018600225448,-0.00030517578125,0.23381000826826942
0.2784999999999999,0.0465020760893821,0.00030517578125,0.23397474674310104
0.279,0.0465019270777702,-0.0006103515625,0.23386262263087354
0.2794999999999999,0.0465019010007381,0.0,0.23384565386818693
0.28,0.0465021170675754,0.0,0.23400885175863556
0.2804999999999999,0.0465018302202224,0.0006103515625,0.2337929221105179
0.281,0.0465021692216396,0.00030517578125,0.23404952095512424
0.2815,0.046502199023962,0.00030517578125,0.2340686445255788
0.282,0.0465019047260284,-0.00030517578125,0.23384610846222595
0.2825,0.0465019904077053,0.00030517578125,0.2339129383624226
0.283,0.0465017259120941,0.00030517578125,0.23371831828666348
0.2835,0.0465022511780262,-0.00030517578125,0.23411616323165343
0.284,0.0465022288262844,0.00030517578125,0.234094597069642
0.2845,0.0465018898248672,0.00030517578125,0.23383794742830996
0.285,0.0465019010007381,0.0006103515625,0.23385002001141536
0.2855,0.0465020015835762,-0.0006103515625,0.23392743375520392
0.286,0.0465019233524799,0.0006103515625,0.23386927272208086
0.2865,0.0465020611882209,-0.00030517578125,0.23397349051996194
0.287,0.0465020462870597,0.00030517578125,0.233961001172738
0.2875,0.0465018935501575,0.00030517578125,0.23384603645820362
0.288,0.0465021394193172,0.0,0.23403134293582326
0.2885,0.0465020425617694,0.00030517578125,0.23395635800645972
0.289,0.04650205001235,0.00030517578125,0.23396099408101625
0.2895,0.0465019904077053,-0.0006103515625,0.23391546735198426
0.29,0.0465020462870597,0.00030517578125,0.2339571798458343
0.2905,0.0465020351111888,-0.00030517578125,0.2339478750183274
0.291,0.0465018898248672,0.0,0.233839400424689
0.2915,0.0465018004179,0.0,0.23377627579071128
0.292,0.0465023294091224,0.00030517578125,0.23417442007296832
0.2925,0.0465020015835762,-0.0006103515625,0.23392369769772237
0.293,0.0465019680559635,-0.00030517578125,0.23389874571107613
0.2935,0.0465019196271896,0.00030517578125,0.2338639359529472
0.294,0.0465018972754478,0.00030517578125,0.23384999705508042
0.2945,0.0465018153190612,-0.00030517578125,0.23379263808585157
0.295,0.0465019047260284,-0.00030517578125,0.2338643652679062
0.2955,0.0465023480355739,0.0006103515625,0.23419646878865372
0.296,0.0465020015835762,0.00030517578125,0.23393133799672688
0.2965,0.0465023256838321,-0.0006103515625,0.23417291102937546
0.297,0.0465019457042217,0.00030517578125,0.23388363134551393
0.2975,0.0465023927390575,0.0006103515625,0.23421809678148967
0.298,0.0465020351111888,0.0,0.23394412762850264
0.2985,0.0465020760893821,0.00030517578125,0.23397403431428107
0.299,0.0465021319687366,0.00030517578125,0.23401434604350613
0.2995,0.0465019643306732,0.0,0.23388700245026936
0.3,0.0465020760893821,0.00030517578125,0.23397120317791825
0.3005,0.0465022437274456,0.0,0.2340950553896584
0.301,0.0465019084513187,0.00030517578125,0.23384136186748164
0.3015,0.0465019717812538,0.00030517578125,0.23389142284799402
0.302,0.0465022101998329,0.00030517578125,0.23406978209065388
0.3025,0.0465020388364791,0.00091552734375,0.23393852658807768
0.303,0.0465017482638359,0.00030517578125,0.23372357584481754
0.3035,0.0465020239353179,0.00030517578125,0.23393608062132024
0.304,0.0465020798146724,0.00030517578125,0.2339772129869875
0.3045,0.0465020090341568,-0.00030517578125,0.23392311541970312
0.305,0.046501874923706,0.00030517578125,0.23382408927261938
0.3055,0.046501874923706,0.0,0.2338281388999579
0.306,0.0465021133422851,0.0,0.23400860732799494
0.3065,0.0465020611882209,0.0,0.23396751864897813
0.307,0.0465020686388015,-0.00030517578125,0.23397188639442704
0.3075,0.0465018264949321,0.0,0.23379088166872217
0.308,0.0465017296373844,-0.00030517578125,0.23372560780581417
0.3085,0.0465021766722202,0.0,0.23406511484149733
0.309,0.0465021319687366,0.00030517578125,0.23402811653516825
0.3095,0.0465019941329956,-0.00030517578125,0.23392264937207893
0.31,0.0465019606053829,0.0,0.2338977034780307
0.3105,0.0465020798146724,-0.00030517578125,0.23398710557989558
0.311,0.0465020164847373,0.0,0.23393819571655525
0.3115,0.0465019047260284,0.0,0.2338544341640171
0.312,0.0465021207928657,0.0,0.23401728190759052
0.3125,0.0465019419789314,-0.00030517578125,0.23388137259099703
0.3129999999999999,0.0465022288262844,0.00030517578125,0.2340961138344796
0.3135,0.0465021431446075,0.0,0.23402790731103512
0.3139999999999999,0.0465021431446075,0.00030517578125,0.23402528064710587
0.3145,0.0465020909905433,0.0,0.23398381401148902
0.3149999999999999,0.0465017296373844,0.0006103515625,0.23371452160397124
0.3155,0.0465020649135112,0.00030517578125,0.2339716277989109
0.3159999999999999,0.0465020388364791,0.00030517578125,0.23395079278998146
0.3165,0.0465020202100276,0.0,0.23393609749152033
0.3169999999999999,0.0465019270777702,-0.00030517578125,0.2338666083151095
0.3175,0.0465021319687366,0.00030517578125,0.23402072956537695
0.3179999999999999,0.0465020462870597,-0.00030517578125,0.23395434461143247
0.3185,0.0465018488466739,0.0,0.23380650253639199
0.3189999999999999,0.0465021803975105,-0.00030517578125,0.23405700792664105
0.3195,0.0465016886591911,-0.00030517578125,0.2336878820194653
0.3199999999999999,0.0465020239353179,-0.00030517578125,0.2339460221511754
0.3205,0.046501874923706,0.0006103515625,0.23383415959339235
0.3209999999999999,0.0465022288262844,-0.00030517578125,0.2341000758688666
0.3215,0.0465020611882209,0.0,0.23397059255351993
0.3219999999999999,0.0465018153190612,-0.0006103515625,0.23378695589347706
0.3225,0.0465021543204784,0.00030517578125,0.2340438352469973
0.3229999999999999,0.0465020611882209,-0.00030517578125,0.2339712859754285
0.3235,0.0465020462870597,-0.00030517578125,0.23395888545558147
0.3239999999999999,0.0465020313858985,-0.0006103515625,0.2339467845523129
0.3245,0.0465021356940269,0.0006103515625,0.23402392303886171
0.3249999999999999,0.0465020574629306,0.00030517578125,0.23396303262538468
0.3255,0.0465021543204784,-0.00030517578125,0.234034234024493
0.3259999999999999,0.0465020760893821,0.00030517578125,0.2339731044687011
0.3265,0.0465019717812538,-0.00030517578125,0.23389388468824754
0.3269999999999999,0.0465021841228008,0.0,0.23405278539963303
0.3275,0.0465023294091224,0.0,0.23415809030314363
0.3279999999999999,0.04650205001235,-0.0006103515625,0.23394399408957559
0.3285,0.0465019419789314,0.0,0.2338629099661874
0.3289999999999999,0.0465020947158336,0.00030517578125,0.23397851238674447
0.3295,0.0465015918016433,0.0,0.2336043301050642
0.3299999999999999,0.0465020947158336,0.00030517578125,0.2339902266392892
0.3305,0.0465019643306732,-0.00030517578125,0.23389159074785731
0.3309999999999999,0.0465017780661582,0.00030517578125,0.23375564180396502
0.3315,0.0465018860995769,0.0,0.23384283506666553
0.3319999999999999,0.0465019643306732,-0.00030517578125,0.23390391988127424
0.3325,0.0465019717812538,0.00030517578125,0.2339102074880415
0.3329999999999999,0.0465017817914485,0.00030517578125,0.23377055507986544
0.3335,0.0465021096169948,0.0,0.2340198036751936
0.3339999999999999,0.046501986682415,-0.00030517578125,0.23392559272931587
0.3345,0.0465020388364791,0.0,0.23396426227025716
0.3349999999999999,0.0465020462870597,0.00030517578125,0.23396865991647756
0.3355,0.0465023107826709,0.00030517578125,0.23416488100880017
0.3359999999999999,0.0465019717812538,0.00030517578125,0.23390619253848408
0.3365,0.0465020127594471,0.00030517578125,0.2339369998195787
0.3369999999999999,0.0465020723640918,-0.00030517578125,0.23398094874327274
0.3375,0.0465020239353179,0.00030517578125,0.2339433044725689
0.3379999999999999,0.0465018786489963,0.0006103515625,0.23383503768343258
0.3385,0.0465021878480911,0.00030517578125,0.23406786740058969
0.3389999999999999,0.0465020090341568,0.00030517578125,0.23393088406381038
0.3395,0.0465018041431903,0.00030517578125,0.2337789634765489
0.3399999999999999,0.0465019941329956,0.00030517578125,0.23392555919284458
0.3405,0.0465019196271896,0.0,0.23387000365251936
0.3409999999999999,0.0465020462870597,-0.00030517578125,0.23396586665299576
0.3415,0.0465019345283508,0.0,0.2338813112683734
0.3419999999999999,0.0465020686388015,-0.0006103515625,0.23398224961142788
0.3425,0.0465023927390575,0.00030517578125,0.23422262762205467
0.3429999999999999,0.0465018860995769,0.0006103515625,0.23383802043105317
0.3435,0.0465019680559635,0.0,0.23390209991744604
0.344,0.0465020202100276,-0.00030517578125,0.23394136285365394
0.3445,0.0465021505951881,0.00030517578125,0.23403809691069974
0.345,0.0465020313858985,0.0,0.233946304910633
0.3455,0.046502336859703,-0.00030517578125,0.23417365979529745
0.346,0.0465020127594471,0.00030517578125,0.23392580797549248
0.3465,0.0465018674731254,0.0,0.23381807044746986
0.347,0.04650205001235,-0.00030517578125,0.23395756738359125
0.3475,0.0465020425617694,-0.00030517578125,0.23395101015370115
0.348,0.0465021319687366,0.00030517578125,0.2340168716008776
0.3485,0.0465019717812538,0.0,0.23389496007259644
0.349,0.0465021058917045,0.0006103515625,0.233995514558994
0.3495,0.0465020015835762,0.0,0.23391590405721402
0.35,0.0465019755065441,0.00030517578125,0.2338968120159262
0.3505,0.0465020276606082,-0.00030517578125,0.23393634745533454
0.351,0.0465020835399627,0.00030517578125,0.233977556505436
0.3515,0.0465021207928657,-0.00030517578125,0.2340038878109209
0.352,0.0465018153190612,-0.00030517578125,0.2337750952228092
0.3525,0.0465019159018993,0.0,0.23385588193751927
0.353,0.0465020127594471,0.00030517578125,0.2339302045897959
0.3535,0.0465018153190612,-0.0006103515625,0.23378380238170338
0.354,0.0465020127594471,0.0,0.2339357356215022
0.3545,0.0465022251009941,-0.00030517578125,0.23409373518199897
0.355,0.0465021170675754,0.00030517578125,0.23400891446503722
0.3555,0.04650205001235,-0.00030517578125,0.23395659319051482
0.356,0.0465022847056388,0.0,0.23413066246722614
0.3565,0.0465020388364791,0.00030517578125,0.233942143263578
0.357,0.0465020649135112,0.0006103515625,0.2339610559938872
0.3575,0.0465019233524799,0.0006103515625,0.23385442780479115
0.358,0.0465021580457687,0.0,0.2340311517380612
0.3585,0.0465020798146724,-0.0006103515625,0.23397012621471047
0.359,0.0465020276606082,0.0006103515625,0.2339300268412901
0.3595,0.0465019606053829,0.00030517578125,0.2338801920792497
0.36,0.0465018153190612,-0.00030517578125,0.23377500842536347
0.3605,0.0465021505951881,0.0,0.23402960071889992
0.361,0.0465021803975105,0.0,0.23404906885430327
0.3615,0.0465020202100276,-0.00030517578125,0.23392653142193306
0.362,0.0465019047260284,0.00030517578125,0.23384109969919095
0.3625,0.0465021356940269,0.0,0.23401562098998144
0.363,0.0465021133422851,0.0,0.23399657847081767
0.3635,0.0465019270777702,0.0,0.2338562422138302
0.364,0.0465018339455127,-0.00030517578125,0.23379063008011636
0.3645,0.046502124518156,0.00030517578125,0.23401135917292074
0.365,0.0465022586286067,0.00030517578125,0.23410904534104485
0.3655,0.0465018451213836,-0.0006103515625,0.23379645613329048
0.366,0.0465020686388015,-0.00030517578125,0.23396730096084362
0.3665,0.0465022213757038,0.0006103515625,0.23408012919779234
0.367,0.0465020760893821,0.0,0.23396790057925235
0.3675,0.0465020611882209,-0.0006103515625,0.23395561163172987
0.368,0.04650205001235,-0.00030517578125,0.23394639835651515
0.3685,0.0465019978582859,0.00030517578125,0.23390699813205806
0.369,0.0465019084513187,-0.00030517578125,0.23384169740991054
0.3695,0.0465021468698978,0.00030517578125,0.2340217587783879
0.37,0.0465019531548023,0.0,0.23387511974751424
0.3705,0.0465018078684806,0.0,0.23376994066989573
0.371,0.0465019159018993,0.00030517578125,0.2338565586368533
0.3715,0.0465021878480911,-0.00030517578125,0.2340608847821226
0.372,0.0465021170675754,0.00030517578125,0.23400463307929395
0.3725,0.0465017929673194,-0.00030517578125,0.23376098644815668
0.373,0.0465022698044776,0.0,0.23412116289325616
0.3735,0.0465021505951881,-0.00030517578125,0.2340273822681618
0.374,0.0465020947158336,0.0,0.23398312754190317
0.3745,0.0465020537376403,0.0,0.23395093521326032
0.375,0.0465022101998329,0.0006103515625,0.2340668191751489
0.3754999999999999,0.0465019345283508,-0.00030517578125,0.23385785076720805
0.376,0.04650205001235,0.00030517578125,0.23394605184229197
0.3764999999999999,0.0465025044977664,-0.00030517578125,0.23428470492045383
0.377,0.0465019978582859,0.00030517578125,0.23389818861908934
0.3774999999999999,0.0465018898248672,0.0,0.23381942189056035
0.378,0.0465020015835762,-0.0006103515625,0.2339065021052411
0.3784999999999999,0.0465021282434463,0.00030517578125,0.23400130910398975
0.379,0.046501986682415,-0.00030517578125,0.23389395605196525
0.3794999999999999,0.0465019606053829,0.0,0.23387582470944443
0.38,0.0465020313858985,0.00030517578125,0.2339300886523833
0.3804999999999999,0.0465020760893821,-0.0006103515625,0.23396315092350034
0.381,0.0465020984411239,0.0,0.23397875016319578
0.3814999999999999,0.0465020053088665,-0.00030517578125,0.2339080455082328
0.382,0.0465018898248672,0.00030517578125,0.23382351368306548
0.3824999999999999,0.0465018898248672,0.0,0.23382780967172975
0.383,0.0465020462870597,0.0,0.23394754406638216
0.3834999999999999,0.0465022213757038,0.00030517578125,0.23407753444618867
0.384,0.0465019680559635,0.00030517578125,0.23388506281036067
0.3844999999999999,0.0465021431446075,0.00030517578125,0.2340164448025608
0.385,0.0465021580457687,-0.00030517578125,0.2340251839116921
0.3854999999999999,0.046501912176609,0.0,0.23383960753773414
0.386,0.0465020164847373,0.0,0.23392026906794502
0.3864999999999999,0.0465022698044776,0.0,0.23410925214906472
0.387,0.046501874923706,-0.00030517578125,0.23381099178687037
0.3874999999999999,0.0465020984411239,0.00030517578125,0.23398126866958102
0.388,0.0465020686388015,0.0,0.233957501423801
0.3884999999999999,0.0465020537376403,-0.00030517578125,0.2339454729443066
0.389,0.0465019047260284,0.00030517578125,0.23383444476986903
0.3894999999999999,0.0465020053088665,0.00030517578125,0.23391242941259027
0.39,0.0465022549033165,0.00030517578125,0.23409862983974034
0.3904999999999999,0.0465018078684806,0.0,0.23376180964295779
0.391,0.0465018153190612,0.0006103515625,0.23377483676507108
0.3914999999999999,0.0465020611882209,0.0,0.23396302417939502
0.392,0.0465022884309291,0.00030517578125,0.2341313082173543
0.3924999999999999,0.0465018339455127,0.00030517578125,0.23378756627321112
0.393,0.0465021133422851,0.00030517578125,0.23400023025545152
0.3934999999999999,0.0465022288262844,0.00030517578125,0.23408449683354157
0.394,0.0465020611882209,0.00030517578125,0.23395550862604134
0.3944999999999999,0.0465020984411239,-0.00030517578125,0.23398244328558968
0.395,0.0465020388364791,0.0,0.23393647802358067
0.3954999999999999,0.0465019643306732,0.0,0.23388088649571612
0.396,0.0465017892420291,0.0,0.23375373437629315
0.3964999999999999,0.0465020686388015,-0.00030517578125,0.23396776260711755
0.397,0.0465021096169948,0.0006103515625,0.23399704331656207
0.3974999999999999,0.0465022288262844,0.0,0.23408413264218078
0.398,0.0465018860995769,-0.00030517578125,0.23382527024043329
0.3984999999999999,0.0465023182332515,0.00030517578125,0.23414980012911635
0.399,0.0465023517608642,0.0,0.23416916488014564
0.3994999999999999,0.0465018264949321,0.00030517578125,0.23377192745477218
0.4,0.0465020686388015,0.0006103515625,0.23395764980737835
0.4004999999999999,0.0465020164847373,0.0,0.2339177810890728
0.401,0.0465021058917045,0.00030517578125,0.23398447113778417
0.4014999999999999,0.0465020313858985,0.0,0.23392735351607202
0.402,0.0465019717812538,-0.00030517578125,0.23388306189686825
0.4024999999999999,0.0465022847056388,0.0,0.23411742092469048
0.403,0.0465019196271896,-0.00030517578125,0.23384096985321692
0.4034999999999999,0.0465021803975105,0.00030517578125,0.2340376887082281
0.404,0.0465020760893821,-0.00030517578125,0.23395703794858966
0.4044999999999999,0.0465019978582859,-0.00030517578125,0.2338976719042456
0.405,0.0465022400021553,0.0,0.2340787356025604
0.4054999999999999,0.0465021729469299,0.0006103515625,0.23402497093759445
0.406,0.0465020388364791,-0.00030517578125,0.2339224885287543
0.4065,0.0465019084513187,0.00030517578125,0.2338261825020471
0.407,0.0465019606053829,0.00030517578125,0.2338690660619122
0.4075,0.046501986682415,0.00030517578125,0.2338908284416974
0.408,0.046501837670803,-0.00030517578125,0.23378240116558738
0.4085,0.0465019606053829,0.0,0.2338792389437589
0.409,0.0465021058917045,0.00030517578125,0.23398856135823298
0.4095,0.0465020164847373,0.0,0.23392015710586783
0.41,0.0465021133422851,0.0,0.2339923465127407
0.4105,0.0465022213757038,0.00030517578125,0.2340712485538993
0.411,0.0465019606053829,0.0006103515625,0.2338734837115066
0.4115,0.0465021468698978,-0.00030517578125,0.23401352508273152
0.412,0.0465021580457687,0.00030517578125,0.23401956706452604
0.4125,0.046501986682415,0.0,0.23388946422239454
0.413,0.0465020388364791,0.0,0.23392941050180785
0.4135,0.0465019606053829,-0.0006103515625,0.23387091646319927
0.414,0.0465021580457687,0.00030517578125,0.2340193626508065
0.4145,0.0465020798146724,0.0,0.23395861663325046
0.415,0.046502087265253,0.00030517578125,0.23396325268956666
0.4155,0.0465023107826709,-0.00030517578125,0.23412897015766715
0.416,0.046502262353897,0.0,0.234087797945937
0.4165,0.0465021319687366,-0.00030517578125,0.23398649765282903
0.417,0.0465021841228008,0.0006103515625,0.2340238293128946
0.4175,0.0465020127594471,0.0,0.23389374401094187
0.418,0.0465019792318344,0.0006103515625,0.23387036322404817
0.4185,0.04650205001235,-0.00030517578125,0.2339248837504482
0.419,0.0465021915733814,-0.0006103515625,0.23403029750717944
0.4195,0.0465018190443515,-0.00030517578125,0.23375063332233242
0.42,0.0465020053088665,0.0,0.2338959748744086
0.4205,0.0465019792318344,0.00030517578125,0.23387778289160552
0.421,0.0465020574629306,-0.0006103515625,0.23393753308384846
0.4215,0.0465021096169948,0.00030517578125,0.23397594625851628
0.422,0.0465022400021553,0.0,0.23407181338971203
0.4225,0.0465019792318344,0.00030517578125,0.2338742275174478
0.423,0.0465017110109329,0.00030517578125,0.23367892404597604
0.4235,0.0465020798146724,0.0006103515625,0.2339624490779851
0.424,0.0465020574629306,0.0,0.2339446409791559
0.4245,0.0465021356940269,-0.00030517578125,0.2340023771924779
0.425,0.0465021543204784,0.00030517578125,0.2340142666728074
0.4255,0.0465021692216396,0.00030517578125,0.2340228569962323
0.426,0.0465026758611202,0.0,0.23439822996237342
0.4265,0.0465021207928657,0.00030517578125,0.23397243639592682
0.427,0.046502336859703,0.00030517578125,0.23413240851119949
0.4275,0.0465022847056388,0.0,0.2340884944585968
0.428,0.0465021654963493,0.0,0.23399562638781102
0.4285,0.0465021654963493,0.0,0.2339938653731725
0.429,0.0465021729469299,0.00030517578125,0.23399770903721162
0.4295,0.0465021841228008,0.0,0.23400424058614933
0.43,0.046501949429512,0.0,0.23382797322381374
0.4305,0.0465019680559635,0.0,0.233845867846737
0.431,0.0465021654963493,-0.00030517578125,0.23399541547073274
0.4315,0.0465019159018993,0.0,0.23380815408459635
0.432,0.0465019308030605,0.00030517578125,0.2338245836113228
0.4325,0.0465020313858985,0.0,0.2339032393861214
0.433,0.0465020835399627,-0.00030517578125,0.2339426230806907
0.4335,0.0465019755065441,-0.0006103515625,0.2338614223782466
0.434,0.0465023666620254,0.00030517578125,0.234154501975431
0.4345,0.0465019047260284,0.00030517578125,0.23380523473824033
0.435,0.0465017110109329,0.00030517578125,0.2336681867906863
0.4355,0.0465021394193172,0.00030517578125,0.23399636577088231
0.436,0.0465021878480911,0.00030517578125,0.23403052926614504
0.4365,0.0465020313858985,0.0,0.2339112507004038
0.437,0.0465020313858985,0.0,0.23391172473224134
0.4375,0.0465021952986717,-0.0006103515625,0.23403425033178396
0.4379999999999999,0.0465020015835762,0.0,0.23388731357364986
0.4385,0.0465019270777702,-0.00030517578125,0.23383346356304546
0.4389999999999999,0.0465022251009941,0.0,0.23405808776279047
0.4395,0.046501912176609,0.0006103515625,0.2338219655276429
0.4399999999999999,0.0465019159018993,-0.00030517578125,0.23382944212675025
0.4405,0.0465022139251232,0.0,0.23405430628582913
0.4409999999999999,0.0465021058917045,0.00030517578125,0.23397048835234338
0.4415,0.0465020909905433,0.0006103515625,0.233958187246682
0.4419999999999999,0.0465020686388015,-0.00030517578125,0.23394062495559725
0.4425,0.0465020723640918,0.00030517578125,0.23394274731730266
0.4429999999999999,0.0465024150907993,0.0,0.2341977648704404
0.4435,0.0465019717812538,0.0,0.23386057033842955
0.4439999999999999,0.0465021133422851,-0.00030517578125,0.23396812649719917
0.4445,0.0465020909905433,0.00091552734375,0.23395033568028817
0.4449999999999999,0.0465020202100276,-0.00030517578125,0.23389703882390894
0.4455,0.0465017445385456,-0.00030517578125,0.23369421110150623
0.4459999999999999,0.0465022511780262,0.00030517578125,0.23407927876246462
0.4465,0.0465022474527359,0.00030517578125,0.23407277810103722
0.4469999999999999,0.0465020164847373,-0.00030517578125,0.2338971005158894
0.4475,0.0465020760893821,0.0006103515625,0.23394230287729184
0.4479999999999999,0.0465020313858985,0.0,0.23390853595505554
0.4485,0.0465020909905433,0.0,0.23395328950702346
0.4489999999999999,0.0465020127594471,-0.00030517578125,0.2338943651960413
0.4495,0.0465021356940269,0.0,0.23398664044382128
0.4499999999999999,0.0465018600225448,0.0,0.23378050722533958
0.4505,0.0465020611882209,0.0,0.2339355200661644
0.4509999999999999,0.0465020835399627,0.0,0.23395175881669994
0.4515,0.0465020798146724,0.0,0.2339482436459699
0.4519999999999999,0.0465020611882209,0.00030517578125,0.23393369789405744
0.4525,0.0465020611882209,0.00030517578125,0.23393329572849328
0.4529999999999999,0.046502236276865,0.0,0.2340635314182222
0.4535,0.0465021282434463,-0.0006103515625,0.23397943909844163
0.4539999999999999,0.0465022996068,0.00030517578125,0.23410582935417562
0.4545,0.0465022213757038,0.00030517578125,0.23404307023500945
0.4549999999999999,0.0465019457042217,-0.00030517578125,0.23383525318210455
0.4555,0.0465021915733814,0.00030517578125,0.23402122895761107
0.4559999999999999,0.0465021356940269,-0.0006103515625,0.23397713268639178
0.4565,0.0465020798146724,0.00030517578125,0.23393429581978964
0.4569999999999999,0.0465018562972545,0.0,0.23376906852242177
0.4575,0.0465021133422851,0.0,0.23396605555693276
0.4579999999999999,0.046502087265253,0.00030517578125,0.23394547121321602
0.4585,0.0465020798146724,0.0006103515625,0.23393932688767782
0.4589999999999999,0.0465021021664142,0.00030517578125,0.23395556321549688
0.4595,0.0465021282434463,0.00030517578125,0.233974096368605
0.4599999999999999,0.0465023256838321,-0.00030517578125,0.23412004748492887
0.4605,0.0465020947158336,0.00030517578125,0.23394301811858131
0.4609999999999999,0.0465020611882209,0.0006103515625,0.23391759400915801
0.4615,0.0465020388364791,0.00030517578125,0.23390126046843507
0.4619999999999999,0.0465020835399627,0.0,0.23393527144154164
0.4625,0.0465020239353179,0.0,0.23389038596096512
0.4629999999999999,0.0465022809803485,0.0006103515625,0.23408278886858835
0.4635,0.0465020611882209,0.0006103515625,0.23391489959668627
0.4639999999999999,0.0465022549033165,0.00030517578125,0.23405953799102153
0.4645,0.0465021431446075,0.0,0.23397290913887928
0.4649999999999999,0.0465018562972545,0.00030517578125,0.23375923557877334
0.4655,0.04650205001235,0.0006103515625,0.23390963467484926
0.4659999999999999,0.0465021580457687,-0.0006103515625,0.23399039880242406
0.4665,0.0465022176504135,0.00030517578125,0.23403323412367558
0.4669999999999999,0.0465019308030605,-0.00030517578125,0.23381744401411708
0.4675,0.0465019419789314,0.0006103515625,0.23383019611598566
0.4679999999999999,0.0465022139251232,0.0,0.23403563406698788
0.4685,0.0465019419789314,0.0,0.23383075466637726
0.469,0.0465018004179,0.0,0.23373086674150337
0.4695,0.0465018972754478,-0.00030517578125,0.23381086367063286
0.47,0.0465021580457687,0.00030517578125,0.23400870502319626
0.4705,0.0465018972754478,0.0,0.23381225288120458
0.471,0.046502199023962,0.00030517578125,0.23404054439111271
0.4715,0.0465020462870597,0.0006103515625,0.23392375800209939
0.472,0.0465020164847373,0.0006103515625,0.23390166615070437
0.4725,0.0465019904077053,-0.00030517578125,0.23388333088123897
0.473,0.0465019829571247,0.0006103515625,0.23387959530038901
0.4735,0.0465020239353179,-0.00030517578125,0.23391178180913108
0.474,0.0465019680559635,0.0,0.2338709907331119
0.4745,0.0465022400021553,-0.00030517578125,0.23407509602371776
0.475,0.0465020239353179,0.0006103515625,0.23391031450813926
0.4755,0.0465020984411239,0.0,0.23396611677448056
0.476,0.0465021021664142,-0.00030517578125,0.23396778445111255
0.4765,0.0465021729469299,0.0,0.23401926399321044
0.477,0.0465025231242179,0.0006103515625,0.2342780170344046
0.4775,0.0465020015835762,0.00030517578125,0.23388065266093394
0.478,0.0465019457042217,0.00030517578125,0.23384150706704804
0.4785,0.0465021878480911,-0.00030517578125,0.2340244633807855
0.479,0.0465020798146724,0.00030517578125,0.23394139807356948
0.4795,0.0465022064745426,0.0,0.23403543447860714
0.48,0.0465021207928657,0.0,0.23396880109714369
0.4805,0.0465021282434463,0.0,0.2339732517324638
0.481,0.0465020835399627,0.0,0.23393869071855128
0.4815,0.0465023703873157,0.00030517578125,0.23415224393371004
0.482,0.0465016961097717,-0.00030517578125,0.23364593323013302
0.4825,0.0465016886591911,-0.00030517578125,0.2336529280952781
0.483,0.0465021319687366,0.0,0.2339925910692061
0.4835,0.0465019717812538,0.00030517578125,0.23387182420619493
0.484,0.0465018153190612,-0.00030517578125,0.23375889184279908
0.4845,0.0465019941329956,0.0006103515625,0.2338980273223429
0.485,0.0465023182332515,0.00030517578125,0.23414010683180494
0.4855,0.04650205001235,0.0,0.2339347324331598
0.486,0.0465020015835762,-0.00030517578125,0.2338984602404749
0.4865,0.0465018562972545,0.0,0.2337921358615788
0.487,0.0465020388364791,0.0,0.23393274695539965
0.4875,0.0465016812086105,0.0,0.2336677637952625
0.488,0.0465021803975105,0.00030517578125,0.2340483099759281
0.4885,0.0465017780661582,0.0,0.23374580730651284
0.489,0.0465020462870597,0.00030517578125,0.23395186972971976
0.4895,0.0465019308030605,0.0,0.23386499317283854
0.49,0.0465020798146724,0.00030517578125,0.23397770025333728
0.4905,0.0465020276606082,-0.00030517578125,0.2339373611735939
0.491,0.0465020462870597,0.00030517578125,0.23395079223986426
0.4915,0.0465020984411239,-0.00030517578125,0.23398892652517028
0.492,0.0465019419789314,0.00030517578125,0.23387090418625803
0.4925,0.0465024150907993,0.0,0.2342251469802167
0.493,0.0465020574629306,0.0006103515625,0.23395102099296797
0.4935,0.0465020425617694,-0.00030517578125,0.23393912011532925
0.494,0.0465019531548023,0.0,0.2338723035530094
0.4945,0.0465019233524799,0.00030517578125,0.2338521747906429
0.495,0.0465021356940269,0.0006103515625,0.2340123839981446
0.4955,0.0465020239353179,0.00030517578125,0.23392677791375457
0.496,0.0465019904077053,0.0006103515625,0.23390172119358812
0.4965,0.0465019792318344,0.0,0.23389428121108913
0.497,0.0465019755065441,0.0,0.2338926843889755
0.4975,0.046501986682415,0.00030517578125,0.23390199769007647
0.498,0.0465020835399627,0.00030517578125,0.23397458422187487
0.4985,0.0465021319687366,0.00030517578125,0.2340093235740689
0.499,0.0465018004179,0.0,0.2337610664187237
0.4995,0.0465018786489963,0.00030517578125,0.23382583686023428
0.5,0.0465020984411239,-0.0006103515625,0.23399257745534882
0.5005,0.0465021282434463,0.00030517578125,0.2340130056120119
0.5009999999999999,0.0465021505951881,0.0,0.234027389775814
0.5015000000000001,0.0465021207928657,0.00030517578125,0.23400247166905466
0.502,0.046502262353897,0.00030517578125,0.23410601327674974
0.5025,0.0465021058917045,0.00030517578125,0.23398475147637146
0.5029999999999999,0.0465022139251232,0.0006103515625,0.23406375278699165
0.5035000000000001,0.0465021878480911,0.00030517578125,0.23404081244068498
0.504,0.0465022325515747,0.00030517578125,0.234071242036055
0.5045,0.046501986682415,7.93701171875,0.23388444137912429
0.5049999999999999,0.0465019717812538,7.9449462890625,0.2339119684654852
0.5055000000000001,0.0465021282434463,7.94586181640625,0.23458530390693538
0.506,0.046502087265253,7.94189453125,0.23660468622312042
0.5065,0.0465022847056388,7.94219970703125,0.24128032933581162
0.5069999999999999,0.0465020388364791,7.94342041015625,0.2499143173434499
0.5075000000000001,0.0465020313858985,7.9388427734375,0.2668119643657524
0.508,0.0465019047260284,7.9437255859375,0.2957401265222138
0.5085,0.0465007983148098,7.939453125,0.335327566178784
0.5089999999999999,0.0464975535869598,7.94219970703125,0.3802307067625817
0.5095000000000001,0.046491727232933,0.00091552734375,0.4269072805386356
0.51,0.0464825890958309,0.00030517578125,0.47318000544598465
0.5105,0.046469934284687,0.001220703125,0.5180398991648053
0.5109999999999999,0.0464557148516178,0.00030517578125,0.56313695275483
0.5115000000000001,0.0464421175420284,0.00030517578125,0.6107698513090699
0.512,0.0464304499328136,0.00030517578125,0.662505040479513
0.5125,0.0464218147099018,-0.00030517578125,0.719869126964397
0.5129999999999999,0.0464156381785869,-0.00030517578125,0.7823357777123829
0.5135000000000001,0.0464116744697093,0.0006103515625,0.8497476236210442
0.514,0.0464095510542392,0.0,0.9217302448325209
0.5145,0.0464072078466415,7.93853759765625,0.9952374737523514
0.5149999999999999,0.0464058741927146,7.9443359375,1.0720740933098243
0.5155000000000001,0.0464046187698841,7.94769287109375,1.1507092419702074
0.516,0.0464035458862781,7.9376220703125,1.2312084619346637
0.5165,0.0464034080505371,7.94097900390625,1.3148054388201666
0.5169999999999999,0.046404093503952,7.943115234375,1.4013018157641581
0.5175000000000001,0.0464053377509117,7.94158935546875,1.4901890508999742
0.518,0.046406865119934,7.93975830078125,1.5808920450974455
0.5185,0.0464076399803161,7.94189453125,1.671273617951962
0.5189999999999999,0.0464064218103885,7.93792724609375,1.75860227897668
0.5195000000000001,0.0464024543762207,0.001220703125,1.840994924392543
0.52,0.0463960319757461,0.00030517578125,1.9187387515758119
0.5205,0.0463881120085716,0.00030517578125,1.9936533069722475
0.5209999999999999,0.0463801510632038,0.00030517578125,2.068801329886926
0.5215000000000001,0.0463732667267322,-0.0006103515625,2.1466546857803275
0.522,0.0463677421212196,0.00030517578125,2.2278996559963944
0.5225,0.0463635921478271,-0.00030517578125,2.3126237418526197
0.5229999999999999,0.0463607013225555,0.00030517578125,2.400612123244628
0.5235000000000001,0.0463588051497936,0.0,2.4912678973559146
0.524,0.0463582463562488,0.0,2.58547522837216
0.5245,0.0463576689362525,7.93365478515625,2.679863516227816
0.5249999999999999,0.0463575683534145,7.9412841796875,2.7756541525966685
0.5255000000000001,0.0463584400713443,7.945556640625,2.8741328982182415
0.526,0.0463593117892742,7.94036865234375,2.9727395503022525
0.5265,0.0463612861931324,7.94219970703125,3.074410043836889
0.5269999999999999,0.0463644303381443,7.9400634765625,3.179373049062026
0.5275000000000001,0.046368658542633,7.939453125,3.287435316592864
0.528,0.0463731065392494,7.94189453125,3.3961786532115026
0.5285,0.0463775359094142,7.938232421875,3.5048856369067867
0.5289999999999999,0.0463808067142963,7.94219970703125,3.6101616469918087
0.5295000000000001,0.0463821031153202,0.0006103515625,3.7094586249431676
0.53,0.046381726861,0.00030517578125,3.8035238070138373
0.5305,0.0463809333741664,0.00030517578125,3.896069252747042
0.5309999999999999,0.0463799722492694,0.00030517578125,3.987818775138896
0.5315000000000001,0.0463794767856597,0.00030517578125,4.080718639261254
0.532,0.0463794730603694,0.00030517578125,4.1748531616755145
0.5325,0.0463803336024284,0.0,4.271415172921041
0.5329999999999999,0.046381190419197,-0.00030517578125,4.367621464576788
0.5335000000000001,0.0463829115033149,0.00030517578125,4.466286846216187
0.534,0.0463848859071731,0.0,4.5654166155674485
0.5345,0.0463867038488388,7.93701171875,4.663634136884942
0.5349999999999999,0.0463889054954052,7.9437255859375,4.762737013745881
0.5355000000000001,0.0463917478919029,7.94464111328125,4.863601892249646
0.536,0.0463945530354976,7.9388427734375,4.963903848220573
0.5365,0.0463983751833438,7.939453125,5.067294429647738
0.5369999999999999,0.0464024171233177,7.94281005859375,5.171000224106554
0.5375000000000001,0.0464071482419967,7.938232421875,5.276682960688546
0.538,0.0464116372168064,7.94158935546875,5.381016754675872
0.5385,0.0464153066277504,7.9388427734375,5.481885713543156
0.5389999999999999,0.0464184507727623,7.940673828125,5.580321277470768
0.5395000000000001,0.0464195311069488,0.0006103515625,5.670626145498141
0.54,0.0464198850095272,0.0006103515625,5.757699168169341
0.5405,0.0464197061955928,0.00030517578125,5.842241710171901
0.5409999999999999,0.0464201010763645,0.00030517578125,5.928407283436463
0.5415000000000001,0.0464202687144279,0.0,6.013160576834985
0.542,0.0464211702346801,0.00030517578125,6.100167502463914
0.5425,0.0464221090078353,0.0006103515625,6.18675513126801
0.5429999999999999,0.0464231558144092,-0.00030517578125,6.273193813623706
0.5435000000000001,0.0464247725903987,0.0,6.361284707428038
0.544,0.0464263446629047,-0.00030517578125,6.4486176528668295
0.5445,0.0464287102222442,7.9351806640625,6.538507187171974
0.5449999999999999,0.0464302487671375,7.9425048828125,6.624504926909986
0.5455000000000001,0.0464321449398994,7.94403076171875,6.711347045934862
0.546,0.0464337095618248,7.940673828125,6.796253861893177
0.5465,0.0464354939758777,7.94189453125,6.881457112203139
0.5469999999999999,0.046437818557024,7.93853759765625,6.968268084893164
0.5475000000000001,0.0464405380189418,7.93914794921875,7.056094539392366
0.548,0.0464429892599582,7.9400634765625,7.142196896147143
0.5485,0.0464443452656269,7.939453125,7.223129713060073
0.5489999999999999,0.0464453026652336,7.9400634765625,7.301798780794496
0.5495000000000001,0.0464453250169754,0.00030517578125,7.375948306947015
0.55,0.0464445799589157,0.0006103515625,7.446284313507723
0.5505,0.046443872153759,0.0006103515625,7.51622637335287
0.5509999999999999,0.0464435070753097,-0.00030517578125,7.587078728065176
0.5515000000000001,0.0464436784386634,0.0,7.659670849460603
0.552,0.0464440621435642,0.00030517578125,7.732607063590419
0.5525,0.0464449934661388,0.0,7.807339048135049
0.5529999999999999,0.0464457720518112,0.00030517578125,7.880821812491291
0.5535000000000001,0.0464466549456119,-0.00030517578125,7.954179852436503
0.554,0.0464476570487022,-0.0006103515625,8.027480151982768
0.5545,0.0464486926794052,7.93731689453125,8.10034685394886
0.5549999999999999,0.0464494414627552,7.943115234375,8.171361409428846
0.5555000000000001,0.0464508943259716,7.9443359375,8.244935188166325
0.556,0.0464521460235118,7.93914794921875,8.317022228931421
0.5565,0.0464537590742111,7.9412841796875,8.390149184914819
0.5569999999999999,0.0464556589722633,7.939453125,8.463981447577206
0.5575000000000001,0.0464577376842498,7.9388427734375,8.538030098475408
0.558,0.0464599505066871,7.939453125,8.612094883249984
0.5585,0.046461209654808,7.93914794921875,8.681211548562846
0.5589999999999999,0.0464621447026729,7.939453125,8.748275654868587
0.5595000000000001,0.0464621409773826,0.0006103515625,8.81046770809101
0.56,0.0464616566896438,0.0,8.869916914460399
0.5605,0.0464611090719699,0.00030517578125,8.928566189015235
0.5609999999999999,0.0464607551693916,0.0,8.987613616962134
0.5615000000000001,0.046460747718811,0.00030517578125,9.047770387849155
0.562,0.0464607514441013,0.00030517578125,9.107465485930776
0.5625,0.0464610792696476,0.0,9.168170021503412
0.563,0.0464613586664199,-0.00030517578125,9.228127679212866
0.5634999999999999,0.0464618206024169,-0.00030517578125,9.288432308775645
0.5640000000000001,0.0464627295732498,-0.00030517578125,9.350338363665117
0.5645,0.0464637614786624,7.93304443359375,9.412300118328972
0.565,0.046464841812849,7.93914794921875,9.473963687784417
0.5654999999999999,0.0464658103883266,7.94647216796875,9.534563590251162
0.5660000000000001,0.0464673712849617,7.9364013671875,9.597487069239891
0.5665,0.0464687757194042,7.93975830078125,9.65911964332043
0.567,0.0464704409241676,7.9412841796875,9.721483971427876
0.5674999999999999,0.0464722737669944,7.939453125,9.784127072112582
0.5680000000000001,0.0464741885662078,7.940673828125,9.846633781247613
0.5685,0.0464755520224571,7.93731689453125,9.905917483184416
0.569,0.0464762710034847,7.94036865234375,9.961535761100707
0.5694999999999999,0.0464760139584541,0.00091552734375,10.011881530148788
0.5700000000000001,0.0464753992855548,0.0006103515625,10.060022470555316
0.5705,0.0464746057987213,0.0,10.106852643932214
0.571,0.0464741624891757,0.00030517578125,10.154993930850544
0.5714999999999999,0.0464739128947258,-0.00030517578125,10.203664167436411
0.5720000000000001,0.0464738570153713,0.00030517578125,10.252861701151435
0.5725,0.0464739166200161,0.0,10.30219510341499
0.573,0.0464739836752414,0.0,10.351125124981143
0.5734999999999999,0.046474602073431,0.00030517578125,10.402374176928191
0.5740000000000001,0.0464752316474914,-0.00030517578125,10.453224029124735
0.5745,0.0464757531881332,7.9327392578125,10.50307809380003
0.575,0.0464766100049018,7.939453125,10.554176010589863
0.5754999999999999,0.0464776791632175,7.945556640625,10.605890918123846
0.5760000000000001,0.0464789569377899,7.93670654296875,10.658202539005092
0.5765,0.0464802980422973,7.939453125,10.710371569384574
0.577,0.0464816875755786,7.9412841796875,10.762324037685845
0.5774999999999999,0.0464833043515682,7.9376220703125,10.814973781869744
0.5780000000000001,0.0464849881827831,7.9412841796875,10.867500348108571
0.5785,0.0464864335954189,7.93701171875,10.918342651640522
0.579,0.0464867837727069,7.9400634765625,10.96310831327308
0.5794999999999999,0.0464870519936084,0.0006103515625,11.007050676297974
0.5800000000000001,0.0464861318469047,0.0,11.044469893111403
0.5805,0.0464853532612323,0.0006103515625,11.082278340672907
0.581,0.0464842692017555,-0.00030517578125,11.118160700307726
0.5814999999999999,0.0464838854968547,0.00030517578125,11.157340952768784
0.5820000000000001,0.0464834384620189,-0.0006103515625,11.19583417734495
0.5825,0.0464833974838256,-0.00030517578125,11.236084855532757
0.583,0.0464835688471794,-0.00030517578125,11.277074178296573
0.5834999999999999,0.0464835166931152,-0.00030517578125,11.31652252630458
0.5840000000000001,0.0464840829372406,0.00030517578125,11.358842310945027
0.5845,0.0464845709502697,7.93426513671875,11.400367041218662
0.585,0.0464852936565876,7.94036865234375,11.442744747124529
0.5854999999999999,0.0464859195053577,7.94586181640625,11.484227238816873
0.5860000000000001,0.0464869663119316,7.9364013671875,11.527548137734357
0.5865,0.0464882887899875,7.93853759765625,11.571930603533161
0.587,0.0464893728494644,7.93914794921875,11.614650976362308
0.5874999999999999,0.0464907437562942,7.93792724609375,11.658501608257193
0.5880000000000001,0.0464923121035099,7.9376220703125,11.703003396547714
0.5885,0.0464933849871158,7.93975830078125,11.744470585466368
0.589,0.0464940853416919,7.9364013671875,11.783577415147418
0.5894999999999999,0.0464939996600151,0.0006103515625,11.818136947777926
0.5900000000000001,0.0464933104813098,0.00030517578125,11.849155543330141
0.5905,0.0464921444654464,0.0006103515625,11.877338818194305
0.591,0.0464907735586166,0.0,11.904163507331074
0.5914999999999999,0.04648994281888,0.0006103515625,11.933631911431139
0.5920000000000001,0.0464895516633987,0.0,11.965185571929936
0.5925,0.0464889481663703,0.0,11.995305181262587
0.593,0.0464888103306293,0.00091552734375,12.027649737806797
0.5934999999999999,0.0464890226721763,0.0,12.061580865120526
0.5940000000000001,0.046489093452692,0.00030517578125,12.094434222428303
0.5945,0.0464894957840442,7.93365478515625,12.128773721263835
0.595,0.0464900285005569,7.93975830078125,12.163501152830085
0.5954999999999999,0.046490803360939,7.94525146484375,12.199219562938486
0.5960000000000001,0.0464916490018367,7.9364013671875,12.234992415627952
0.5965,0.0464931316673755,7.93914794921875,12.273898070476053
0.597,0.0464940816164016,7.9412841796875,12.309548266468855
0.5974999999999999,0.0464952699840068,7.9376220703125,12.346168365573899
0.5980000000000001,0.0464969798922538,7.94097900390625,12.385300300954158
0.5985,0.0464979484677314,7.93670654296875,12.420023532974588
0.599,0.0464984998106956,7.93975830078125,12.452142910348844
0.5994999999999999,0.0464985109865665,0.0006103515625,12.48100476937131
0.6000000000000001,0.0464978590607643,0.00030517578125,12.505915573292512
0.6005,0.0464966222643852,0.00091552734375,12.527293957877296
0.601,0.0464954525232315,0.0,12.548741552482365
0.6014999999999999,0.046494536101818,-0.00030517578125,12.571277423467702
0.6020000000000001,0.0464938655495643,-0.0006103515625,12.594841470897528
0.6025,0.0464929044246673,-0.00030517578125,12.616469771865853
0.603,0.0464926436543464,0.00030517578125,12.64162666633621
0.6034999999999999,0.0464927777647972,0.00030517578125,12.668589181356909
0.6040000000000001,0.0464927852153778,-0.00030517578125,12.694456258879752
0.6045,0.0464933216571807,0.0,12.722849668159999
0.605,0.0464939102530479,0.00030517578125,12.751101908500976
0.6054999999999999,0.0464947000145912,0.0,12.780026492183708
0.6060000000000001,0.046495396643877,-0.00030517578125,12.807976605742544
0.6065,0.0464966632425785,0.0,12.838626837283577
0.607,0.0464977771043777,0.0,12.86792700702227
0.6074999999999999,0.0464988388121128,-0.00030517578125,12.896433618950654
0.6080000000000001,0.0465001575648784,-0.0006103515625,12.925860560245162
0.6085,0.0465020053088665,0.0,12.95769868607673
0.609,0.0465034954249858,-0.00030517578125,12.986962877823295
0.6094999999999999,0.046505007892847,-0.00030517578125,13.015780836678696
0.6100000000000001,0.0465069785714149,-0.00030517578125,13.046573870978039
0.6105,0.0465088784694671,-0.00030517578125,13.076340950885628
0.611,0.0465106442570686,0.0,13.10471367020191
0.6114999999999999,0.0465128161013126,0.00030517578125,13.134711446664832
0.6120000000000001,0.0465148091316223,-0.00030517578125,13.163009802457076
0.6125,0.0465171709656715,0.00030517578125,13.192678409282296
0.613,0.0465198308229446,-0.00030517578125,13.223279446733141
0.6134999999999999,0.0465226843953132,0.0,13.254185202053904
0.6140000000000001,0.0465253517031669,0.0,13.283216375075689
0.6145,0.0465284660458564,-0.00030517578125,13.313936931154036
0.615,0.0465320162475109,0.0,13.346233997067133
0.6154999999999999,0.0465354658663272,0.00030517578125,13.377015677561111
0.6160000000000001,0.046538770198822,0.00030517578125,13.40600048303413
0.6165,0.0465426556766033,-0.00030517578125,13.437288611499136
0.617,0.0465468093752861,0.00030517578125,13.469038057169724
0.6174999999999999,0.0465510338544845,0.0006103515625,13.500075757030514
0.6180000000000001,0.0465556196868419,0.00030517578125,13.532013176345059
0.6185,0.0465604849159717,0.00030517578125,13.564325316576175
0.619,0.0465654656291008,0.0,13.596018244501765
0.6194999999999999,0.0465705059468746,0.0,13.626720314275426
0.6200000000000001,0.046575654298067,-0.00030517578125,13.656686566443287
0.6205,0.0465815290808677,-0.00030517578125,13.689940534466718
0.621,0.0465870909392833,0.0,13.720580583216861
0.6214999999999999,0.0465929806232452,0.0,13.75221543151204
0.6220000000000001,0.0465992614626884,0.0,13.785096118080183
0.6225,0.046605497598648,0.0,13.816577363219368
0.623,0.0466119870543479,-0.0006103515625,13.848232819711596
0.6234999999999999,0.0466188788414001,0.0,13.880751201569897
0.6240000000000001,0.0466262027621269,0.0,13.914077473590378
0.6245,0.0466337092220783,0.0,13.946513215760543
0.625,0.0466424897313118,0.00030517578125,13.984051433555104
0.6255,0.0466531701385974,-0.00030517578125,14.029898740577265
0.6259999999999999,0.046665895730257,0.0006103515625,14.084243502393209
0.6265000000000001,0.0466812923550605,-0.00030517578125,14.149930607716186
0.627,0.046699222177267,0.0,14.224870529031982
0.6275,0.0467189475893974,0.0,14.303074950935367
0.6279999999999999,0.0467386692762374,-0.00030517578125,14.371549477835277
0.6285000000000001,0.0467566773295402,0.00030517578125,14.41723393376582
0.629,0.0467717871069908,0.0,14.429525311843332
0.6295,0.0467833504080772,0.0,14.400563938136667
0.6299999999999999,0.0467912182211875,0.0006103515625,14.326064318878801
0.6305000000000001,0.0467959567904472,0.00030517578125,14.20685999451468
0.631,0.0467969514429569,0.0006103515625,14.03968907153085
0.6315,0.0467954948544502,-0.00030517578125,13.835629000823259
0.6319999999999999,0.0467911697924137,0.0,13.597676945737794
0.6325000000000001,0.0467848554253578,-0.00030517578125,13.33700955748585
0.633,0.0467766299843788,-0.0006103515625,13.059165954566287
0.6335,0.0467673987150192,0.0006103515625,12.772777034647044
0.6339999999999999,0.0467565953731536,0.0,12.477258663494966
0.6345000000000001,0.0467451065778732,0.00030517578125,12.179158781628667
0.635,0.0467326566576957,-0.0006103515625,11.877778021881516
0.6355,0.0467198938131332,0.00030517578125,11.576972197484302
0.6359999999999999,0.0467070080339908,0.0,11.27747873323381
0.6365000000000001,0.0466938689351081,0.0006103515625,10.978492824908635
0.637,0.0466813333332538,-0.00030517578125,10.683965123151783
0.6375,0.0466691404581069,0.0,10.391810989435726
0.6379999999999999,0.046657346189022,0.0,10.10218800939221
0.6385000000000001,0.0466466769576072,0.0006103515625,9.817976069607036
0.639,0.0466365441679954,0.0,9.53599032169051
0.6395,0.0466265901923179,0.00030517578125,9.255027412449719
0.6399999999999999,0.0466176010668277,-0.0006103515625,8.9790954378054
0.6405000000000001,0.0466095805168151,-0.00030517578125,8.707669497188459
0.641,0.04660165309906,-0.00030517578125,8.437307406186028
0.6415,0.0465947464108467,0.00030517578125,8.172518416873679
0.6419999999999999,0.0465887822210788,-0.00030517578125,7.912721175266969
0.6425000000000001,0.0465830713510513,0.0,7.655222366337928
0.643,0.046578399837017,-0.0006103515625,7.403822026928845
0.6435,0.0465738363564014,0.0,7.154779307794744
0.6439999999999999,0.0465702675282955,0.00030517578125,6.912217836010248
0.6445000000000001,0.0465667024254798,-0.00030517578125,6.672280768353253
0.645,0.0465636700391769,0.0,6.437746177621973
0.6455,0.0465610697865486,0.00030517578125,6.208227617565406
0.6459999999999999,0.0465587377548217,-0.00030517578125,5.9834014345299185
0.6465000000000001,0.0465565547347068,0.00030517578125,5.763167610893322
0.647,0.0465547777712345,0.00030517578125,5.548695600975577
0.6475,0.0465531647205352,-0.0006103515625,5.339174888911133
0.6479999999999999,0.0465515293180942,0.0,5.134307181792189
0.6485000000000001,0.0465502403676509,0.00030517578125,4.935511468307881
0.649,0.0465489700436592,0.0006103515625,4.741705007007761
0.6495,0.0465473905205726,0.0,4.552216180477714
0.6499999999999999,0.0465459264814853,0.0,4.368671183932636
0.6505000000000001,0.0465446673333644,0.0,4.1911839686516466
0.651,0.0465430319309234,0.00030517578125,4.0180334414440795
0.6515,0.0465415716171264,0.00030517578125,3.8510796454800635
0.6519999999999999,0.0465399920940399,0.0,3.689308793413693
0.6525000000000001,0.0465384200215339,-0.00030517578125,3.5331135027679563
0.653,0.0465369634330272,-0.00030517578125,3.3826733315856456
0.6535,0.0465353727340698,0.0006103515625,3.237207663639874
0.6539999999999999,0.0465340092778205,0.00030517578125,3.097629338631398
0.6545000000000001,0.0465324074029922,-0.00030517578125,2.9625829945982307
0.655,0.0465306937694549,0.0,2.8324816214830224
0.6555,0.04652900993824,-0.0006103515625,2.7075806605222987
0.6559999999999999,0.0465278439223766,0.0,2.588779678097259
0.6565000000000001,0.0465262569487094,0.00030517578125,2.473579387226765
0.657,0.046524878591299,-0.00030517578125,2.363563923477738
0.6575,0.0465234033763408,0.0,2.257822592826082
0.6579999999999999,0.046522106975317,0.0,2.1568788368639265
0.6585000000000001,0.0465206131339073,-0.00030517578125,2.0597519347311923
0.659,0.0465197153389453,-0.0006103515625,1.968001234484438
0.6595,0.0465187467634677,0.0,1.8798799838754539
0.6599999999999999,0.0465176291763782,0.0,1.7952575679664593
0.6605000000000001,0.0465168319642543,0.00030517578125,1.7149889979042792
0.661,0.046515729278326,0.0006103515625,1.6376878617084007
0.6615,0.0465147756040096,-0.00030517578125,1.564233140598085
0.6619999999999999,0.0465138480067253,0.0,1.4942149872103068
0.6625000000000001,0.0465131737291812,0.0,1.4278885714744414
0.663,0.0465123616158962,0.0,1.3643987753446534
0.6635,0.0465116389095783,-0.00030517578125,1.3040858185716218
0.6639999999999999,0.0465115457773208,0.0,1.2476554513344913
0.6645000000000001,0.0465105958282947,0.00030517578125,1.192485092197921
0.665,0.0465098395943641,0.0,1.1404605521242535
0.6655,0.0465098097920417,-0.00030517578125,1.0921317430107713
0.6659999999999999,0.0465092360973358,0.0006103515625,1.045288570519203
0.6665000000000001,0.0465087592601776,0.00030517578125,1.0010000483404307
0.667,0.0465082749724388,-0.00030517578125,0.9589790823620604
0.6675,0.0465078875422477,0.00030517578125,0.9192730894563842
0.6679999999999999,0.0465075261890888,-0.0006103515625,0.8816619488953735
0.6685000000000001,0.0465073212981224,0.0,0.8462207890403649
0.669,0.0465069115161895,0.0006103515625,0.8123542167594143
0.6695,0.0465066246688365,0.00030517578125,0.780462777236057
0.6699999999999999,0.0465064495801925,0.00030517578125,0.7504096614730212
0.6705000000000001,0.0465061105787754,0.0,0.7217527516267217
0.671,0.0465058386325836,0.0,0.6947420235693482
0.6715,0.0465056709945201,0.0,0.6693244955309656
0.6719999999999999,0.0465052798390388,0.00030517578125,0.6450236537625077
0.6725000000000001,0.0465051047503948,0.0,0.6223274476504357
0.673,0.0465048924088478,0.0,0.6008281504056204
0.6735,0.0465049929916858,0.00030517578125,0.5808571767284914
0.6739999999999999,0.046504832804203,-0.00030517578125,0.561665381751853
0.6745000000000001,0.0465047247707843,0.0,0.5435997195567458
0.675,0.0465044602751731,0.0,0.5263730864336744
0.6755,0.0465044118463993,-0.00030517578125,0.5103497553386147
0.6759999999999999,0.0465042926371097,0.00030517578125,0.4951396593812387
0.6765000000000001,0.0465041399002075,0.0,0.48074938056535116
0.677,0.0465040728449821,-0.00030517578125,0.467257707415161
0.6775,0.0465042181313037,0.0,0.45472870106036684
0.6779999999999999,0.0465039052069187,0.0,0.4424361498287178
0.6785000000000001,0.0465038232505321,-0.00030517578125,0.4310842885356519
0.679,0.0465039201080799,0.0,0.42054196915796527
0.6795,0.0465038269758224,0.00030517578125,0.4104014279374128
0.6799999999999999,0.0465037822723388,-0.00030517578125,0.40088381682443164
0.6805000000000001,0.0465034618973732,0.0006103515625,0.39165123435865484
0.681,0.0465039163827896,0.0006103515625,0.38366741768846574
0.6815,0.0465036481618881,0.00030517578125,0.37544633463792493
0.6819999999999999,0.0465031377971172,0.0,0.36749908638111833
0.6825000000000001,0.0465033613145351,0.0,0.36068234585750975
0.683,0.0465036407113075,0.0,0.35427606315121224
0.6835,0.0465035289525985,0.00030517578125,0.34787226832425366
0.6839999999999999,0.0465034022927284,-0.00030517578125,0.3418272851195198
0.6845000000000001,0.0465035252273082,0.0,0.33634466099709653
0.685,0.0465036705136299,-0.00030517578125,0.33118194963019265
0.6855,0.0465032532811164,0.0006103515625,0.3258306075125446
0.6859999999999999,0.0465033613145351,-0.0006103515625,0.32124864156591926
0.6865000000000001,0.0465032830834388,0.00030517578125,0.31676289059888857
0.687,0.0465031489729881,0.0,0.31248836509809297
0.6875,0.0465031191706657,0.0,0.308546120442661
0.688,0.0465032830834388,0.0,0.30498383277455837
0.6884999999999999,0.0465031675994396,0.0,0.3013859420710201
0.6890000000000001,0.0465029776096344,-0.00030517578125,0.2979356927713943
0.6895,0.0465031899511814,0.0,0.2950100087282198
0.69,0.0465031526982784,0.00030517578125,0.2920359694041399
0.6904999999999999,0.0465029142796993,0.0,0.2890677696471121
0.6910000000000001,0.046503473073244,0.0,0.2869083116028484
0.6915,0.0465030930936336,0.0,0.284101258262574
0.692,0.04650304839015,0.0,0.28173138416301485
0.6924999999999999,0.0465032197535038,-0.00030517578125,0.2796624881511299
0.6930000000000001,0.0465031638741493,0.00030517578125,0.27752140645933276
0.6935,0.0465032123029232,0.00030517578125,0.2755814368612052
0.694,0.0465030148625373,0.0,0.2735531376851319
0.6944999999999999,0.0465035587549209,-0.00030517578125,0.272217962377185
0.6950000000000001,0.0465032681822776,0.0006103515625,0.2702878140453467
0.6955,0.0465033054351806,0.00030517578125,0.2687254479570988
0.696,0.0465032868087291,0.0,0.2672018411534756
0.6964999999999999,0.0465035736560821,0.00030517578125,0.2659960459000539
0.6970000000000001,0.0465030558407306,-0.00030517578125,0.2642253996715056
0.6975,0.0465033575892448,0.0006103515625,0.26319035758190085
0.698,0.0465036779642105,0.0,0.2622147483532331
0.6984999999999999,0.0465032234787941,0.00030517578125,0.26068818170176505
0.6990000000000001,0.0465032197535038,0.00030517578125,0.2595960482938168
0.6995,0.0465033501386642,-0.00030517578125,0.25866086544581746
0.7,0.0465033054351806,0.00030517578125,0.25763540833677023
0.7004999999999999,0.0465030074119567,0.00030517578125,0.2564676847245527
0.7010000000000001,0.0465033501386642,0.0,0.2558512577099324
0.7015,0.0465032830834388,0.0,0.2549459702725703
0.702,0.0465032756328582,0.0,0.25413070451135955
0.7024999999999999,0.0465033501386642,0.0,0.25341634922195055
0.7030000000000001,0.0465034246444702,0.0,0.25273438591161346
0.7035,0.0465034022927284,0.00030517578125,0.2520104348895416
0.704,0.0465029291808605,0.0,0.2509780533652073
0.7044999999999999,0.0465031415224075,0.00030517578125,0.25051788154835125
0.7050000000000001,0.0465032644569873,0.00030517578125,0.2500075083269937
0.7055,0.0465032756328582,-0.00030517578125,0.2494338535352802
0.706,0.0465032532811164,0.00030517578125,0.24885998770168852
0.7064999999999999,0.0465032532811164,0.0,0.24832841206100623
0.7070000000000001,0.0465031862258911,0.00030517578125,0.24776904939560676
0.7075,0.0465031377971172,0.0,0.24724846854327878
0.708,0.0465029403567314,0.0,0.24663756535003445
0.7084999999999999,0.046503260731697,0.0,0.24644490003198583
0.7090000000000001,0.0465030148625373,0.0,0.24582974272642924
0.7095,0.0465031340718269,0.0,0.24551701824410802
0.71,0.0465032197535038,-0.00030517578125,0.24519075386208866
0.7104999999999999,0.0465032272040843,-0.00030517578125,0.24481829099841498
0.7110000000000001,0.0465030893683433,0.0,0.24435108208256717
0.7115,0.0465031377971172,0.00030517578125,0.24404358589266892
0.712,0.0465030036866664,0.00030517578125,0.2436102010945911
0.7124999999999999,0.0465030707418918,0.0,0.24334573554727518
0.7130000000000001,0.0465030297636985,-0.0006103515625,0.24300964145418405
0.7135,0.0465030595660209,0.0,0.24273996811017484
0.714,0.0465028323233127,0.00030517578125,0.24228674809013265
0.7144999999999999,0.0465030670166015,-0.0006103515625,0.24219861027544984
0.7150000000000001,0.0465031415224075,0.0006103515625,0.24199229524021154
0.7155,0.0465032532811164,0.0,0.24182170010103993
0.716,0.0465030074119567,0.00030517578125,0.24138799686958295
0.7164999999999999,0.0465032309293746,0.00030517578125,0.2413235641466941
0.7170000000000001,0.0465032495558261,0.0,0.2411067973419456
0.7175,0.0465028434991836,0.0,0.24057869238334534
0.718,0.0465029329061508,-0.00030517578125,0.24044256984802986
0.7184999999999999,0.0465032123029232,0.00030517578125,0.24045374099993383
0.7190000000000001,0.0465031079947948,0.0,0.24017568599814684
0.7195,0.0465031191706657,0.00030517578125,0.2399942983290538
0.72,0.0465030968189239,0.0,0.23979400105476614
0.7204999999999999,0.0465029180049896,0.0006103515625,0.23948333170289507
0.7210000000000001,0.0465027131140232,-0.00030517578125,0.23916387616270213
0.7215,0.0465031377971172,0.00030517578125,0.2393277076984246
0.722,0.0465029142796993,-0.0006103515625,0.23899916912270938
0.7224999999999999,0.0465030744671821,0.0006103515625,0.23896970841843
0.7230000000000001,0.046502947807312,0.0006103515625,0.2387259075129825
0.7235,0.0465028658509254,0.00030517578125,0.23852336045819997
0.724,0.0465033799409866,-0.00030517578125,0.23877457048481884
0.7244999999999999,0.0465030036866664,0.0,0.2383498810406997
0.7250000000000001,0.0465031415224075,0.00030517578125,0.23832473728992506
0.7255,0.0465029366314411,0.0,0.23804339344893893
0.726,0.0465031042695045,-0.00030517578125,0.23805038302753315
0.7264999999999999,0.0465029627084732,0.00030517578125,0.23782550784233886
0.7270000000000001,0.0465029515326023,0.0,0.23770550338543225
0.7275,0.0465028956532478,0.0,0.23755567254034976
0.728,0.0465030521154403,0.00030517578125,0.23756962542346163
0.7284999999999999,0.0465034358203411,0.00030517578125,0.2377537845406378
0.7290000000000001,0.0465030148625373,0.00030517578125,0.23732936681173364
0.7295,0.0465027764439582,-0.00030517578125,0.23705474136947485
0.73,0.0465028882026672,0.00030517578125,0.23705071017416351
0.7304999999999999,0.0465028062462806,0.0,0.2369015460131836
0.7310000000000001,0.0465032458305358,-0.0006103515625,0.23714739728435982
0.7315,0.0465030148625373,0.0,0.23688424385574133
0.732,0.0465029664337635,0.00030517578125,0.23676567849617672
0.7324999999999999,0.0465029738843441,0.00030517578125,0.2366924115354653
0.7330000000000001,0.0465030372142791,0.00030517578125,0.23666318896078395
0.7335,0.0465028919279575,0.00030517578125,0.23647882068037704
0.734,0.0465029291808605,0.0,0.2364364624797908
0.7344999999999999,0.0465029142796993,-0.00030517578125,0.23635619866468519
0.7350000000000001,0.0465032011270523,0.0,0.2365041017797481
0.7355,0.0465028472244739,-0.00030517578125,0.23616874322942497
0.736,0.0465027652680873,-0.00030517578125,0.23604645510318154
0.7364999999999999,0.0465028099715709,0.00030517578125,0.23602227034790804
0.7370000000000001,0.0465028397738933,0.0,0.23598768757445093
0.7375,0.0465028211474418,0.0,0.23591804329004087
0.738,0.0465026758611202,0.00030517578125,0.23575569396199797
0.7384999999999999,0.0465029925107955,0.0006103515625,0.23594322677092738
0.7390000000000001,0.0465028584003448,0.0,0.23578862712004492
0.7395,0.0465028509497642,0.00030517578125,0.2357331148740184
0.74,0.0465027317404747,0.0006103515625,0.2355956534728823
0.7404999999999999,0.0465027838945388,0.00030517578125,0.23558995891556753
0.7410000000000001,0.0465028621256351,-0.0006103515625,0.23560398943038818
0.7415,0.046502761542797,0.00030517578125,0.23548404568048112
0.742,0.0465028882026672,-0.00030517578125,0.23553725068155354
0.7424999999999999,0.0465027876198291,0.00030517578125,0.23541943978034535
0.7430000000000001,0.0465025901794433,0.0,0.23523247083984017
0.7435,0.0465026721358299,0.00030517578125,0.235259190647885
0.744,0.0465026050806045,-0.00030517578125,0.23517393053018845
0.7444999999999999,0.0465025566518306,0.0,0.2351047503467101
0.7450000000000001,0.046502761542797,-0.00030517578125,0.23522670390450945
0.7455,0.0465027503669261,0.0006103515625,0.2351842968636323
0.746,0.0465025715529918,-0.0006103515625,0.2350178125720366
0.7464999999999999,0.0465024933218956,0.0,0.23493070051550613
0.7470000000000001,0.0465026497840881,0.0006103515625,0.2350212000097454
0.7475,0.0465026460587978,0.00030517578125,0.23498985702899444
0.748,0.0465025901794433,-0.00030517578125,0.23492041195984895
0.7484999999999999,0.0465028807520866,0.00030517578125,0.2351116566146402
0.7490000000000001,0.0465026684105396,0.0,0.2349223301611177
0.7495,0.0465026758611202,-0.00030517578125,0.2349021469092963
0.75,0.0465025231242179,0.0006103515625,0.23476290745491418
0.7505,0.0465026013553142,-0.0006103515625,0.23479952389142023
0.7509999999999999,0.0465028248727321,0.00030517578125,0.23494378355132617
0.7515000000000001,0.0465024560689926,-0.00030517578125,0.23464218226895048
0.752,0.0465025603771209,0.00030517578125,0.23470157817013154
0.7525,0.0465025007724761,0.0006103515625,0.23463706556660974
0.7529999999999999,0.0465026311576366,0.00030517578125,0.23471607119237742
0.7535000000000001,0.0465025715529918,0.0,0.23465121219496646
0.754,0.0465028062462806,0.0006103515625,0.23480779074911096
0.7545,0.046502735465765,0.00030517578125,0.23473253831249638
0.7549999999999999,0.0465026050806045,0.0,0.23461472679421447
0.7555000000000001,0.0465027578175067,0.0006103515625,0.2347113966641959
0.756,0.0465024560689926,0.00030517578125,0.2344663396383212
0.7565,0.0465025082230567,0.00030517578125,0.2344916557668084
0.7569999999999999,0.0465022586286067,0.0,0.2342911486194525
0.7575000000000001,0.046502411365509,0.0,0.23439569146614447
0.758,0.0465025268495082,0.00030517578125,0.23446990190653563
0.7585,0.0465027578175067,0.0,0.23462862033765808
0.7589999999999999,0.0465026646852493,-0.00030517578125,0.2345414357545247
0.7595000000000001,0.0465024262666702,0.0006103515625,0.23434808328862727
0.76,0.0465023852884769,-0.00030517578125,0.23430693644994144
0.7605,0.0465023629367351,0.0,0.23428057693708254
0.7609999999999999,0.0465025231242179,0.00030517578125,0.23439112478439916
0.7615000000000001,0.0465024039149284,0.00030517578125,0.2342904368058451
0.762,0.0465026050806045,-0.0006103515625,0.23443136740904025
0.7625,0.046502623707056,0.0,0.2344327772138939
0.7629999999999999,0.0465024635195732,0.0,0.23430069934633488
0.7635000000000001,0.0465025343000888,0.0,0.2343442272508081
0.764,0.0465024970471859,-0.0006103515625,0.23430608160691319
0.7645,0.0465025454759597,0.0,0.23433280270612508
0.7649999999999999,0.0465025790035724,0.0,0.2343477713721629
0.7655000000000001,0.0465024448931217,0.0,0.2342373222973093
0.766,0.046502448618412,0.00030517578125,0.2342324661270445
0.7665,0.0465025343000888,0.0,0.23428899546584156
0.7669999999999999,0.0465023107826709,0.0,0.23411341474854327
0.7675000000000001,0.0465026646852493,0.0006103515625,0.2343728888447875
0.768,0.0465026535093784,-0.00030517578125,0.2343535944779872
0.7685,0.0465022660791873,0.0,0.2340539491393033
0.7689999999999999,0.0465026311576366,0.00030517578125,0.23432316521551386
0.7695000000000001,0.046502336859703,-0.00030517578125,0.23409390040291958
0.77,0.0465024523437023,0.0,0.23417599567463385
0.7705,0.0465025156736373,0.0,0.23421718583336387
0.7709999999999999,0.0465025901794433,-0.00030517578125,0.23426572438418128
0.7715000000000001,0.0465025901794433,-0.00030517578125,0.23425773585347034
0.772,0.0465022400021553,0.00030517578125,0.23398866707778104
0.7725,0.0465026646852493,-0.00030517578125,0.23430425159552945
0.7729999999999999,0.0465023182332515,-0.00091552734375,0.23403677823971208
0.7735000000000001,0.0465025007724761,0.0,0.23417034504831416
0.774,0.0465025678277015,0.00030517578125,0.23421455244368752
0.7745,0.0465025007724761,-0.00030517578125,0.23415774482221569
0.7749999999999999,0.0465023629367351,-0.00030517578125,0.2340495217429044
0.7755000000000001,0.0465025193989276,0.0,0.23416347062130863
0.776,0.0465024001896381,0.00030517578125,0.234068983030254
0.7765,0.046502336859703,-0.00030517578125,0.23401845034614796
0.7769999999999999,0.0465023517608642,-0.0006103515625,0.23402751247983491
0.7775000000000001,0.0465022437274456,0.00030517578125,0.23394450610735235
0.778,0.0465025380253791,0.00030517578125,0.2341636697629511
0.7785,0.0465023592114448,0.00030517578125,0.23402467683563674
0.7789999999999999,0.0465024523437023,0.0,0.23409193912149356
0.7795000000000001,0.0465023256838321,0.0006103515625,0.23399368125057426
0.78,0.0465022772550582,-0.00030517578125,0.23395615355098445
0.7805,0.0465025715529918,0.0006103515625,0.23417519948261004
0.7809999999999999,0.0465024933218956,-0.0006103515625,0.23411101410820634
0.7815000000000001,0.0465022996068,0.00030517578125,0.23396228886538536
0.782,0.0465022847056388,0.00030517578125,0.2339505590929198
0.7825,0.0465025082230567,-0.00030517578125,0.23411695749685563
0.7829999999999999,0.0465024225413799,0.0,0.23404866385341785
0.7835000000000001,0.0465025193989276,-0.00030517578125,0.2341183148687052
0.784,0.0465023033320903,0.00030517578125,0.23395282794157804
0.7845,0.0465025678277015,-0.00030517578125,0.23414979309514158
0.7849999999999999,0.0465021170675754,-0.00030517578125,0.23380943458553316
0.7855000000000001,0.0465023517608642,0.0,0.2339887043021796
0.786,0.0465024709701538,0.0,0.23407625870681945
0.7865,0.0465023554861545,0.00030517578125,0.23398671024584708
0.7869999999999999,0.0465024448931217,-0.00030517578125,0.2340521849366229
0.7875000000000001,0.0465023927390575,-0.0006103515625,0.2340105351528193
0.788,0.0465023443102836,0.00030517578125,0.2339726723940305
0.7885,0.0465022884309291,-0.00030517578125,0.23393034150227765
0.7889999999999999,0.0465021282434463,-0.00030517578125,0.23381265524687592
0.7895000000000001,0.0465025231242179,-0.00030517578125,0.2341107668969387
0.79,0.046502199023962,0.0,0.23386536379838085
0.7905,0.0465021654963493,-0.00030517578125,0.23384351268893463
0.7909999999999999,0.0465024672448635,-0.00030517578125,0.2340711305861459
0.7915000000000001,0.0465025380253791,-0.00030517578125,0.2341207304147033
0.792,0.0465020984411239,0.00030517578125,0.2337895902442993
0.7925,0.0465024560689926,-0.0006103515625,0.23406092554585783
0.7929999999999999,0.0465025007724761,0.00030517578125,0.2340911911266291
0.7935000000000001,0.0465024523437023,0.0,0.23405139280633308
0.794,0.0465023890137672,0.00030517578125,0.23400144520907426
0.7945,0.0465024374425411,0.00030517578125,0.23403609477446272
0.7949999999999999,0.0465022958815097,0.00030517578125,0.23392824863311149
0.7955000000000001,0.0465023145079612,0.00030517578125,0.2339424214540338
0.796,0.0465023703873157,0.00030517578125,0.23398395845133527
0.7965,0.0465023145079612,0.00030517578125,0.23394113762783966
0.7969999999999999,0.0465023815631866,0.0,0.23399105429948105
0.7975000000000001,0.0465022288262844,0.0,0.23387572215458913
0.798,0.046502511948347,-0.00030517578125,0.23408830734045005
0.7985,0.046502199023962,-0.00030517578125,0.23385184921285543
0.7989999999999999,0.0465021468698978,0.0006103515625,0.2338175663921007
0.7995000000000001,0.0465026460587978,0.00030517578125,0.234192912482004
0.8,0.0465024821460247,-0.0006103515625,0.23406444940349924
0.8005,0.046502199023962,0.00030517578125,0.23385072523845304
0.8009999999999999,0.0465022251009941,0.0,0.23387413050707687
0.8015000000000001,0.046502374112606,0.00030517578125,0.23398726513296428
0.802,0.0465024225413799,-0.0006103515625,0.23402214677916205
0.8025,0.0465022549033165,-0.00030517578125,0.23389498039482287
0.8029999999999999,0.0465024784207344,0.0,0.2340626710966859
0.8035000000000001,0.0465025827288627,0.00030517578125,0.23413762347214798
0.804,0.0465023331344127,0.0,0.23394672159793647
0.8045,0.0465023331344127,0.00030517578125,0.23394650593356967
0.8049999999999999,0.0465023666620254,0.00030517578125,0.2339713081311254
0.8055000000000001,0.046502336859703,0.0,0.23394820029326538
0.806,0.0465025231242179,-0.00030517578125,0.23408685031638504
0.8065,0.046502411365509,0.0,0.2339999335786185
0.8069999999999999,0.0465022474527359,0.00030517578125,0.2338767178865246
0.8075000000000001,0.0465023703873157,-0.00030517578125,0.2339703307789998
0.808,0.0465026721358299,0.0,0.23419454585866445
0.8085,0.0465026125311851,0.0,0.2341440364809446
0.8089999999999999,0.0465022772550582,0.00030517578125,0.233889508680683
0.8095000000000001,0.0465024784207344,0.0,0.23404081901178314
0.81,0.0465022325515747,-0.00030517578125,0.23385564269202205
0.8105,0.0465023480355739,-0.00030517578125,0.23394507209539842
0.8109999999999999,0.04650205001235,0.0,0.23372525956128617
0.8115000000000001,0.0465024337172508,-0.00030517578125,0.23401861480238564
0.812,0.0465026460587978,0.0,0.23417493118483956
0.8125,0.0465024001896381,0.00030517578125,0.2339858605385849
0.813,0.0465023815631866,0.0006103515625,0.2339709078709932
0.8134999999999999,0.0465023331344127,0.0,0.23393413494952145
0.8140000000000001,0.0465022698044776,0.00030517578125,0.23388774235505078
0.8145,0.0465021543204784,-0.00030517578125,0.23380464977198448
0.815,0.0465024299919605,0.00030517578125,0.23401462898708175
0.8154999999999999,0.0465022921562194,-0.00030517578125,0.2339102868176269
0.8160000000000001,0.0465021841228008,0.0,0.2338320806410896
0.8165,0.0465024039149284,0.0,0.23399950824688728
0.817,0.0465022064745426,-0.00030517578125,0.23385139423837056
0.8174999999999999,0.0465022251009941,0.0,0.2338691314062729
0.8180000000000001,0.0465023182332515,0.0006103515625,0.23394101197908893
0.8185,0.046502374112606,-0.00030517578125,0.2339825989488397
0.819,0.0465021468698978,0.0,0.2338130556018952
0.8194999999999999,0.0465021170675754,0.00030517578125,0.23379686759293358
0.8200000000000001,0.0465022176504135,0.0,0.23387759490894644
0.8205,0.0465022064745426,0.00030517578125,0.2338722155328985
0.821,0.0465021356940269,0.0,0.2338231082671287
0.8214999999999999,0.0465022400021553,0.0,0.233905127668771
0.8220000000000001,0.0465023666620254,-0.0006103515625,0.2340002865249728
0.8225,0.0465022176504135,0.00030517578125,0.23388769959676767
0.823,0.046502336859703,0.0,0.23397812224329506
0.8234999999999999,0.0465024821460247,0.0,0.23408555164372036
0.8240000000000001,0.0465022139251232,0.0,0.23388233508792058
0.8245,0.0465021543204784,0.0006103515625,0.2338408589103059
0.825,0.0465022139251232,0.0,0.23388926621377867
0.8254999999999999,0.0465020425617694,0.00030517578125,0.23376465756315362
0.8260000000000001,0.0465023703873157,-0.00030517578125,0.2340147892021755
0.8265,0.0465021952986717,0.00030517578125,0.23388251739285035
0.827,0.0465022586286067,-0.00030517578125,0.2339316764841065
0.8274999999999999,0.0465024188160896,0.00030517578125,0.23405127824856212
0.8280000000000001,0.0465022027492523,-0.00030517578125,0.23388769497839468
0.8285,0.0465023480355739,0.00030517578125,0.2339973525485115
0.829,0.0465020686388015,0.00030517578125,0.2337885455418946
0.8294999999999999,0.0465019978582859,-0.00030517578125,0.23374303091197995
0.8300000000000001,0.0465022251009941,0.00030517578125,0.23391945509679343
0.8305,0.046502161771059,0.0006103515625,0.233873232940222
0.831,0.0465022884309291,0.0,0.23396963842206883
0.8314999999999999,0.0465020574629306,0.0,0.23379730427231157
0.8320000000000001,0.0465022958815097,0.00030517578125,0.23397973707012928
0.8325,0.0465022101998329,-0.00030517578125,0.2339146281083598
0.833,0.0465023703873157,0.0006103515625,0.23403449990247058
0.8334999999999999,0.0465020686388015,0.00030517578125,0.23380785837844725
0.8340000000000001,0.0465019531548023,0.0,0.23372879842684272
0.8345,0.0465020947158336,0.0,0.23384274663646035
0.835,0.0465020984411239,0.00091552734375,0.23384962214915522
0.8354999999999999,0.0465022884309291,0.0,0.23399395117254462
0.8360000000000001,0.0465021878480911,0.00030517578125,0.23391750417925317
0.8365,0.0465019717812538,-0.00030517578125,0.23375861185545613
0.837,0.0465021915733814,0.0006103515625,0.23392870758610151
0.8374999999999999,0.0465022176504135,-0.00030517578125,0.23394840854310328
0.8380000000000001,0.0465019084513187,0.00030517578125,0.23371977813675654
0.8385,0.046502161771059,-0.00030517578125,0.2339163887426968
0.839,0.046502199023962,0.0006103515625,0.23394445266440975
0.8394999999999999,0.0465018600225448,0.0,0.23369289010357858
0.8400000000000001,0.0465024635195732,0.00030517578125,0.23415023383690103
0.8405,0.0465022735297679,0.0,0.23400321484618555
0.841,0.0465021356940269,0.0,0.23389891670290539
0.8414999999999999,0.0465021468698978,-0.00030517578125,0.233908521074762
0.8420000000000001,0.0465021878480911,0.0,0.23393974397778758
0.8425,0.0465021841228008,0.0006103515625,0.23393688927524559
0.843,0.0465019643306732,0.0,0.233774604607855
0.8434999999999999,0.0465020276606082,0.00030517578125,0.2338288721045451
0.8440000000000001,0.0465017221868038,-0.00030517578125,0.23360859369330506
0.8445,0.0465021952986717,0.0,0.2339726899297774
0.845,0.0465021058917045,0.00030517578125,0.23390492719975603
0.8454999999999999,0.046502087265253,0.0006103515625,0.23389192919054763
0.8460000000000001,0.0465022474527359,0.00030517578125,0.23401216166479183
0.8465,0.0465018823742866,-0.00030517578125,0.23373870126287155
0.847,0.0465021058917045,-0.00030517578125,0.23391231519232256
0.8474999999999999,0.0465021580457687,0.0,0.23395173060674587
0.8480000000000001,0.0465018413960933,0.0,0.23371723474686013
0.8485,0.0465021133422851,0.00030517578125,0.2339275377913604
0.849,0.0465021654963493,0.0,0.2339662595634443
0.8494999999999999,0.0465021915733814,0.0,0.23398470940939894
0.8500000000000001,0.0465022139251232,0.00030517578125,0.23399994106785832
0.8505,0.0465021170675754,-0.0006103515625,0.23392584865972427
0.851,0.0465022400021553,0.00030517578125,0.23401750240275015
0.8514999999999999,0.046502262353897,-0.00030517578125,0.23403201710463428
0.8520000000000001,0.0465020723640918,0.0,0.23388807956279103
0.8525,0.0465020537376403,0.00030517578125,0.23387625615833604
0.853,0.0465019159018993,0.0006103515625,0.23377705746619418
0.8534999999999999,0.0465021282434463,-0.0006103515625,0.23394069163063144
0.8540000000000001,0.0465020909905433,0.0006103515625,0.2339125506369974
0.8545,0.0465019978582859,0.00030517578125,0.23384447316115783
0.855,0.0465019755065441,0.0,0.23383181627292474
0.8554999999999999,0.0465021133422851,0.00030517578125,0.23393793032057697
0.8560000000000001,0.046501986682415,0.0,0.2338439092536652
0.8565,0.0465020462870597,0.0,0.2338913326037076
0.857,0.0465022586286067,0.00030517578125,0.23405037297206485
0.8574999999999999,0.0465019233524799,0.0006103515625,0.2337973778973541
0.8580000000000001,0.0465023145079612,0.00030517578125,0.23409275178840183
0.8585,0.0465021021664142,-0.00030517578125,0.23393037019807697
0.859,0.0465020090341568,0.0,0.23386147482030248
0.8594999999999999,0.0465020723640918,-0.00030517578125,0.23391117243303208
0.8600000000000001,0.0465020053088665,-0.00030517578125,0.23386233269710335
0.8605,0.0465019196271896,0.0,0.23380150843400088
0.861,0.0465022586286067,0.0,0.23405792824269642
0.8614999999999999,0.046502161771059,0.0006103515625,0.2339824063328127
0.8620000000000001,0.0465019196271896,-0.00030517578125,0.23380132635671405
0.8625,0.0465020835399627,0.0,0.2339279939997126
0.863,0.0465020127594471,0.0,0.23387554591059465
0.8634999999999999,0.0465020984411239,0.0,0.23394114115436715
0.8640000000000001,0.0465019084513187,0.0,0.23380027838454026
0.8645,0.0465017743408679,-0.00030517578125,0.23370696021309442
0.865,0.0465019904077053,-0.00030517578125,0.23387628269996183
0.8654999999999999,0.0465021356940269,0.00030517578125,0.23398590952201787
0.8660000000000001,0.0465019904077053,0.0,0.23387632095918529
0.8665,0.0465021207928657,0.00030517578125,0.23397490615011596
0.867,0.0465020723640918,0.0,0.23393748532316078
0.8674999999999999,0.0465019010007381,0.00030517578125,0.23381015992940166
0.8680000000000001,0.0465020686388015,0.0,0.2339390576751377
0.8685,0.0465018488466739,0.0,0.2337757076258867
0.869,0.0465021505951881,0.00030517578125,0.2340054709318501
0.8694999999999999,0.0465022549033165,0.00030517578125,0.23408125910236469
0.8700000000000001,0.0465022139251232,0.0,0.2340468298848712
0.8705,0.0465021319687366,0.0,0.23398267549418636
0.871,0.0465021394193172,0.0,0.2339867702173199
0.8714999999999999,0.0465020798146724,-0.0006103515625,0.23394072087984047
0.8720000000000001,0.0465021282434463,0.0,0.23397637125416448
0.8725,0.0465022549033165,0.0,0.23406962071688
0.873,0.0465020313858985,0.0,0.2338995611723658
0.8734999999999999,0.046502374112606,0.0,0.23415580277894824
0.8740000000000001,0.0465022586286067,-0.00030517578125,0.23406400646438744
0.8745,0.0465020015835762,-0.00030517578125,0.23386872414924118
0.875,0.0465023443102836,0.00030517578125,0.23412557375931814
0.8755,0.0465022325515747,-0.00030517578125,0.23403739784800254
0.8759999999999999,0.0465020611882209,0.00030517578125,0.23390703062516804
0.8765000000000001,0.0465019941329956,0.0,0.23385792248421175
0.877,0.0465022437274456,0.0,0.23404573044829713
0.8775,0.0465023927390575,-0.00030517578125,0.23415408426805318
0.8779999999999999,0.0465020351111888,0.0,0.23388216168609458
0.8785000000000001,0.0465021394193172,0.0,0.23396122723971138
0.879,0.0465021766722202,-0.00030517578125,0.23398807736689284
0.8795,0.0465022474527359,-0.00030517578125,0.23403930899655243
0.8799999999999999,0.0465018860995769,0.00030517578125,0.23376822189306354
0.8805000000000001,0.0465021468698978,0.0,0.23396801339881224
0.881,0.0465022847056388,0.0,0.23406963845658432
0.8815,0.0465021319687366,-0.00030517578125,0.2339521907286195
0.8819999999999999,0.0465020090341568,-0.00030517578125,0.233860326485052
0.8825000000000001,0.046501986682415,0.0006103515625,0.23384652971376899
0.883,0.0465021878480911,0.0,0.2339988781880186
0.8835,0.0465020537376403,-0.0006103515625,0.23389697085617633
0.8839999999999999,0.0465022101998329,0.0,0.23401427178890533
0.8845000000000001,0.0465022660791873,0.0,0.2340538097390759
0.885,0.0465019680559635,0.0,0.23382915533824417
0.8855,0.0465021207928657,0.00030517578125,0.23394631485484574
0.8859999999999999,0.0465022288262844,0.00030517578125,0.2340262699604825
0.8865000000000001,0.0465021431446075,0.0006103515625,0.2339599211440315
0.887,0.0465021170675754,-0.00030517578125,0.23393963526925976
0.8875,0.0465020984411239,0.00030517578125,0.2339251913509433
0.8879999999999999,0.046502448618412,-0.00030517578125,0.2341862660557935
0.8885000000000001,0.0465021803975105,0.0,0.23397989130994354
0.889,0.0465021580457687,-0.00030517578125,0.23396195504953576
0.8895,0.0465023890137672,0.00091552734375,0.2341334959747939
0.8899999999999999,0.0465021058917045,0.00030517578125,0.23391741550469491
0.8905000000000001,0.0465020202100276,0.00030517578125,0.23385462533278353
0.891,0.0465020015835762,-0.00030517578125,0.2338442614219902
0.8915,0.0465021580457687,0.0,0.23396365755309995
0.8919999999999999,0.0465020686388015,0.00030517578125,0.2338962235259291
0.8925000000000001,0.0465021356940269,0.0,0.2339470936713483
0.893,0.0465022213757038,0.00030517578125,0.23401041866750436
0.8935,0.0465021915733814,0.0,0.23398617187457418
0.8939999999999999,0.0465020947158336,-0.00030517578125,0.23391258714473281
0.8945000000000001,0.0465020388364791,0.0,0.23387185871760938
0.895,0.046502124518156,0.00030517578125,0.23393758362549003
0.8955,0.0465021729469299,0.0,0.23397337688621087
0.8959999999999999,0.0465022101998329,0.0006103515625,0.2339999800098739
0.8965000000000001,0.0465021431446075,-0.00030517578125,0.233948193821518
0.897,0.0465019941329956,-0.00030517578125,0.2338373258449505
0.8975,0.0465022549033165,0.00030517578125,0.23403443211639244
0.8979999999999999,0.0465021431446075,0.0006103515625,0.2339484326941015
0.8985000000000001,0.046501949429512,-0.00030517578125,0.2338043544487013
0.899,0.0465020835399627,0.00030517578125,0.2339088965223087
0.8995,0.0465020984411239,0.00030517578125,0.23392066086280144
0.8999999999999999,0.0465020574629306,0.00030517578125,0.2338906366345464
0.9005000000000001,0.0465017184615135,0.00030517578125,0.2336417962412254
0.901,0.046502161771059,0.0006103515625,0.23398214326631933
0.9015,0.0465020649135112,0.00030517578125,0.2339086962055711
0.902,0.046501949429512,0.0,0.2338243165901042
0.9025,0.0465019978582859,0.0,0.23386418627644978
0.903,0.0465023107826709,0.00030517578125,0.23409884054356256
0.9035,0.0465020686388015,0.00091552734375,0.2339139310506676
0.904,0.0465022139251232,-0.0006103515625,0.23402250292018992
0.9045,0.0465022064745426,0.0,0.2340145819794861
0.905,0.0465021729469299,-0.0006103515625,0.23398740056792314
0.9055,0.0465019829571247,0.0006103515625,0.23384432163374627
0.906,0.0465021841228008,0.0,0.23399681000849523
0.9065,0.046502124518156,0.0,0.23395069748456937
0.907,0.0465018786489963,-0.00030517578125,0.23376829300890564
0.9075,0.0465019941329956,0.0,0.23386022286856215
0.908,0.0465023219585418,0.0,0.23410606015892885
0.9085,0.0465021468698978,0.00030517578125,0.23397105011257877
0.909,0.0465019941329956,0.00030517578125,0.2338565246075888
0.9095,0.0465022474527359,0.00030517578125,0.23404721440134496
0.91,0.0465021766722202,-0.00030517578125,0.2339914226774843
0.9105,0.0465020276606082,0.0,0.23387885476037087
0.911,0.0465020835399627,-0.0006103515625,0.23392216279635256
0.9115,0.0465020015835762,0.0,0.23386148308752572
0.912,0.0465021878480911,-0.00030517578125,0.2340021764046248
0.9125,0.0465020611882209,-0.00030517578125,0.23390576893565854
0.913,0.0465021580457687,0.0,0.23397841230900157
0.9135,0.0465019904077053,0.0,0.23385232898131023
0.914,0.0465021058917045,0.0,0.23394092046154827
0.9145,0.0465021803975105,0.00030517578125,0.2339960652463243
0.915,0.0465021803975105,0.00030517578125,0.2339943090470615
0.9155,0.0465021133422851,0.0,0.2339426482853879
0.916,0.0465019606053829,0.00030517578125,0.23382922672070933
0.9165,0.0465023107826709,0.0,0.23409298017973829
0.917,0.046502087265253,0.0006103515625,0.23392221111742303
0.9175,0.0465021468698978,-0.00030517578125,0.23396656572245816
0.918,0.0465024039149284,0.00030517578125,0.23415718599718116
0.9185,0.0465023554861545,0.0,0.2341155558959242
0.919,0.0465021431446075,0.0006103515625,0.23395265667512305
0.9195,0.0465018674731254,0.00030517578125,0.23374769676093735
0.92,0.0465021692216396,0.00030517578125,0.23397877532988398
0.9205,0.0465021282434463,0.0,0.23394689697025725
0.921,0.0465020537376403,0.0,0.23389103560390295
0.9215,0.0465020798146724,0.0,0.2339119387803263
0.922,0.0465019643306732,0.0,0.23382742390147504
0.9225,0.0465020202100276,0.00030517578125,0.2338729802440826
0.923,0.0465021431446075,0.0,0.23396619610573066
0.9235,0.0465023592114448,0.0,0.23412642842631784
0.924,0.0465022027492523,0.0006103515625,0.23400485914131963
0.9245,0.0465022288262844,0.00030517578125,0.23402230599517587
0.925,0.0465023592114448,0.0,0.2341171685379897
0.9255,0.0465020984411239,0.0,0.23391834513313628
0.926,0.0465018339455127,-0.00030517578125,0.23372386759622937
0.9265,0.046502199023962,0.00030517578125,0.23400288720283632
0.927,0.0465023145079612,0.00030517578125,0.2340869988261951
0.9275,0.0465020835399627,0.00030517578125,0.23391075833024863
0.928,0.0465022027492523,0.0,0.23399999238025943
0.9285,0.0465020462870597,0.00030517578125,0.23388161410494973
0.929,0.0465021319687366,0.0,0.23394694758251616
0.9295,0.0465022772550582,0.0,0.23405486505164338
0.93,0.0465021058917045,0.00030517578125,0.23392396276454794
0.9305,0.0465019382536411,0.00030517578125,0.23380023849211695
0.931,0.046502087265253,-0.0006103515625,0.23391592365142544
0.9315,0.0465020760893821,0.00030517578125,0.23390795141065643
0.932,0.0465021431446075,0.0,0.23395834268380414
0.9325,0.0465020127594471,0.00030517578125,0.23386062094591853
0.933,0.0465020351111888,0.0,0.23388011831646666
0.9335,0.0465025268495082,-0.00030517578125,0.23424816307410118
0.934,0.046502199023962,0.0,0.23399581802961758
0.9345,0.0465021915733814,-0.00091552734375,0.23398849857776918
0.935,0.0465018972754478,0.0006103515625,0.23376866801702537
0.9355,0.0465021133422851,-0.00030517578125,0.23393544602483005
0.936,0.0465019941329956,0.00030517578125,0.2338470190594243
0.9365,0.0465020574629306,0.0,0.2338972565667744
0.937,0.0465021170675754,0.00091552734375,0.23394252481444375
0.9375,0.0465021692216396,0.0,0.23398100820977497
0.938,0.0465020835399627,0.00030517578125,0.2339158099969206
0.9385,0.0465021282434463,-0.00030517578125,0.2339493385452872
0.939,0.0465021356940269,0.0006103515625,0.2339542764375669
0.9395,0.0465020835399627,0.0,0.2339145892361232
0.94,0.0465022101998329,0.00030517578125,0.23400924827123204
0.9405,0.0465021580457687,-0.0006103515625,0.23396827044676444
0.941,0.0465022325515747,-0.00030517578125,0.23402277328922114
0.9415,0.0465022101998329,-0.00030517578125,0.23400376949622206
0.942,0.046502161771059,0.0,0.23396577259685677
0.9425,0.0465020835399627,0.0,0.23390656278559085
0.943,0.0465020686388015,0.0,0.233896458889094
0.9435,0.0465020015835762,0.00030517578125,0.23384821375158113
0.944,0.0465021133422851,-0.00030517578125,0.23393422676001605
0.9445,0.0465020239353179,0.0006103515625,0.2338674922343393
0.945,0.0465022251009941,-0.00030517578125,0.23401903868603308
0.9455,0.0465020090341568,-0.00030517578125,0.23385575836872452
0.946,0.0465021766722202,0.0,0.2339829421322501
0.9465,0.0465020798146724,0.00030517578125,0.23390933146009804
0.947,0.0465021133422851,0.00030517578125,0.2339348233358542
0.9475,0.0465019084513187,0.0,0.23378318645880322
0.948,0.0465019717812538,-0.00030517578125,0.23383654084212285
0.9485,0.0465019345283508,0.00030517578125,0.2338130179098222
0.949,0.0465020798146724,-0.00030517578125,0.2339252590251322
0.9495,0.0465023182332515,0.00030517578125,0.23410306296427272
0.95,0.046501874923706,-0.00030517578125,0.23376926992688554
0.9505,0.0465020723640918,0.00030517578125,0.23392213554429342
0.951,0.0465020239353179,-0.0006103515625,0.23388640742855918
0.9515,0.0465020835399627,0.00030517578125,0.23393220140563742
0.952,0.0465019419789314,0.0,0.23382743305997508
0.9525,0.0465020984411239,0.0006103515625,0.23394740352349028
0.953,0.0465020127594471,0.0,0.2338831401137098
0.9535,0.0465022176504135,0.00030517578125,0.23403690575147676
0.954,0.046501949429512,0.0,0.23383475752534308
0.9545,0.0465018637478351,0.0,0.23377529044795275
0.955,0.046502161771059,0.00030517578125,0.2340023109895002
0.9555,0.0465020909905433,0.0,0.23394751751899617
0.956,0.0465022139251232,0.00030517578125,0.23403855940642815
0.9565,0.0465020947158336,-0.00030517578125,0.23394677953714116
0.957,0.0465022176504135,0.0006103515625,0.234037854922367
0.9575,0.0465020053088665,0.00030517578125,0.23387672687404387
0.958,0.0465021505951881,0.0,0.23398638341295025
0.9585,0.0465022698044776,0.0006103515625,0.23407386693497617
0.959,0.0465020686388015,0.0006103515625,0.23392024863249017
0.9595,0.0465022921562194,-0.0006103515625,0.23408708497112288
0.96,0.0465019717812538,0.0,0.2338447869239314
0.9605,0.0465022064745426,0.0,0.23402214067359406
0.961,0.0465020425617694,0.0,0.23389768130005753
0.9615,0.0465023517608642,-0.00030517578125,0.23412889194844583
0.962,0.0465023964643478,0.0006103515625,0.2341572186327672
0.9625,0.0465019419789314,0.0,0.23381302130320072
0.963,0.046502124518156,0.0,0.2339530199216441
0.9635,0.0465022027492523,-0.00030517578125,0.23401065558244857
0.964,0.0465022101998329,0.0006103515625,0.23401410838855377
0.9645,0.0465022325515747,-0.00030517578125,0.234028668862153
0.965,0.0465020611882209,0.0,0.23389857222482474
0.9655,0.0465021282434463,0.00030517578125,0.23394933658388903
0.966,0.0465021692216396,0.0,0.23397926243161943
0.9665,0.0465020388364791,0.0,0.23388077123111303
0.967,0.0465021505951881,0.0,0.23396546028697052
0.9675,0.0465021356940269,0.0,0.2339533527002894
0.968,0.0465020537376403,-0.00030517578125,0.2338917745057736
0.9685,0.046502262353897,0.0006103515625,0.23404820027790205
0.969,0.0465020425617694,0.0,0.23388162150491798
0.9695,0.0465019941329956,0.0006103515625,0.23384776005164706
0.97,0.0465021207928657,0.00030517578125,0.23394482135158876
0.9705,0.0465022101998329,0.00030517578125,0.23401104290504035
0.971,0.0465021356940269,0.0,0.23395339594064785
0.9715,0.0465023033320903,0.0006103515625,0.23407783344400707
0.972,0.0465020835399627,0.00030517578125,0.23391035226318196
0.9725,0.0465021096169948,0.0,0.23393019009568172
0.973,0.0465022772550582,-0.00030517578125,0.23405502251217492
0.9735,0.0465018525719642,0.00030517578125,0.23373580807065614
0.974,0.0465021952986717,0.0,0.23399780535932282
0.9745,0.0465021803975105,0.00030517578125,0.23398494909708478
0.975,0.0465020611882209,0.0,0.2338948258890345
0.9755,0.0465023294091224,0.00030517578125,0.2340956983577403
0.976,0.0465021282434463,-0.00030517578125,0.23394156067298008
0.9765,0.0465022325515747,0.00030517578125,0.23401892127397747
0.977,0.0465022996068,0.0,0.23406664349886308
0.9775,0.0465024523437023,0.0,0.2341773299764954
0.978,0.0465021878480911,0.00030517578125,0.23397403163263178
0.9785,0.0465021915733814,0.0,0.23397567690705484
0.979,0.0465021505951881,0.0,0.23394393453478413
0.9795,0.0465019270777702,-0.00030517578125,0.2337780789390391
0.98,0.0465021207928657,0.00030517578125,0.23392783323019917
0.9805,0.0465020015835762,0.0,0.2338392236394832
0.981,0.0465023480355739,0.0,0.23409974725765775
0.9815,0.0465022288262844,-0.00030517578125,0.23400666617043203
0.982,0.0465021729469299,0.00030517578125,0.23396308681267322
0.9825,0.046502087265253,-0.00030517578125,0.23389850730401854
0.983,0.0465020276606082,0.00030517578125,0.2338559030820895
0.9835,0.0465022101998329,0.0006103515625,0.23399413156591742
0.984,0.0465023070573806,0.0,0.23406466374766424
0.9845,0.0465021729469299,-0.00030517578125,0.23396142270368966
0.985,0.0465018600225448,0.00030517578125,0.23372925319219182
0.9855,0.0465021431446075,-0.00030517578125,0.23394738717877564
0.986,0.0465020127594471,0.0,0.23385018116614967
0.9865,0.0465020798146724,0.00030517578125,0.23390331431275707
0.987,0.0465019196271896,0.0,0.2337863100764772
0.9875,0.0465019084513187,-0.00030517578125,0.23378444586076436
0.988,0.0465020462870597,-0.00030517578125,0.23389255811027654
0.9885,0.0465019829571247,0.0006103515625,0.23384733097482524
0.989,0.0465019680559635,0.00030517578125,0.2338399482910587
0.9895,0.0465022027492523,0.00030517578125,0.23401747531943937
0.99,0.0465019829571247,0.00030517578125,0.23385178890777308
0.9905,0.0465019755065441,0.0,0.23384919340830582
0.991,0.0465022437274456,0.0,0.23405113005005865
0.9915,0.0465018190443515,0.00030517578125,0.23373235221463978
0.992,0.0465018935501575,0.00030517578125,0.23379632885691592
0.9925,0.0465022809803485,0.00030517578125,0.23408895281219266
0.993,0.046502161771059,-0.00030517578125,0.2339959780866254
0.9935,0.0465020313858985,0.0006103515625,0.23389686096493542
0.994,0.0465022288262844,0.00030517578125,0.23404467931532172
0.9945,0.0465023219585418,0.0006103515625,0.23411134154724425
0.995,0.0465020798146724,0.00030517578125,0.23392625881560414
0.9955,0.0465021394193172,0.0,0.23397063105169738
0.996,0.0465021319687366,0.0,0.23396392016786402
0.9965,0.0465022660791873,0.0,0.23406305444082248
0.997,0.0465021058917045,0.0,0.23394024703190244
0.9975,0.0465021431446075,0.0006103515625,0.23396757544858277
0.998,0.046502236276865,0.0,0.2340359429262179
0.9985,0.0465020239353179,0.0,0.2338747205006289
0.999,0.0465023331344127,0.0,0.234106443878574
0.9995,0.0465022101998329,0.00030517578125,0.23401036816762796
1.0,0.0465021803975105,0.0,0.23398610243836554
1.0005,0.0465023256838321,0.0,0.23409307566528403
1.001,0.0465021692216396,-0.00030517578125,0.23397234799035632
1.0015,0.0465020649135112,0.0,0.23389380294650572
1.002,0.0465018562972545,0.0006103515625,0.23374162490681444
1.0025,0.0465023480355739,0.0,0.23411402836623568
1.003,0.0465021431446075,0.00030517578125,0.23395659771594168
1.0035,0.0465022101998329,-0.00030517578125,0.23400583935309927
1.004,0.0465019904077053,0.00030517578125,0.23384059751012423
1.0045,0.0465022735297679,-0.00030517578125,0.2340541443426142
1.005,0.046502124518156,0.00030517578125,0.23393988408715863
1.0055,0.0465018451213836,0.0,0.23373243809744218
1.006,0.0465023256838321,0.0,0.23409677427846412
1.0065,0.0465020276606082,0.0,0.23387069739383112
1.007,0.0465019829571247,0.00030517578125,0.23384034497199752
1.0075,0.0465020276606082,0.0,0.23387715698554043
1.008,0.0465020984411239,0.0,0.2339315255923334
1.0085,0.0465022176504135,0.00030517578125,0.23402025850014868
1.009,0.0465021952986717,-0.00030517578125,0.2340012562612543
1.0095,0.0465019680559635,0.0006103515625,0.23383026038814084
1.01,0.046502124518156,0.0,0.2339501804328247
1.0105,0.0465020127594471,0.00030517578125,0.23386641724838877
1.011,0.0465020984411239,-0.00030517578125,0.23393232606883174
1.0115,0.0465020090341568,0.00030517578125,0.23386593311925707
1.012,0.04650205001235,0.0,0.233898851162687
1.0125,0.0465021952986717,0.0006103515625,0.2340078295435609
1.013,0.0465020462870597,0.00030517578125,0.23389488030797806
1.0135,0.0465021431446075,0.00030517578125,0.23396784969537077
1.014,0.0465022288262844,0.00030517578125,0.23403064353846695
1.0145,0.0465022698044776,0.00030517578125,0.23405869899097123
1.015,0.0465021580457687,0.0,0.2339721320342581
1.0155,0.0465022996068,0.00030517578125,0.2340765378789692
1.016,0.0465023629367351,-0.0006103515625,0.23412007729239406
1.0165,0.0465023927390575,0.00030517578125,0.23413772276628758
1.017,0.0465020425617694,0.00030517578125,0.2338718932118076
1.0175,0.0465020388364791,-0.00030517578125,0.23387129164167209
1.018,0.0465022511780262,0.0,0.2340309742266657
1.0185,0.0465018302202224,0.00030517578125,0.23371534994865326
1.019,0.0465021394193172,-0.00030517578125,0.23395332592156146
1.0195,0.0465023592114448,-0.0006103515625,0.23411661659004304
1.02,0.0465019010007381,0.0,0.23377142077943053
1.0205,0.046501949429512,-0.00030517578125,0.23381441800286545
1.021,0.0465018786489963,-0.00030517578125,0.23376744541731123
1.0215,0.0465018600225448,0.0,0.23376070502893898
1.022,0.0465021431446075,0.00030517578125,0.23397728015818292
1.0225,0.0465021841228008,0.00030517578125,0.23400657842523315
1.023,0.0465020537376403,0.00030517578125,0.2339074559240206
1.0235,0.0465017333626747,-0.0006103515625,0.23367131441280786
1.024,0.0465022251009941,0.00091552734375,0.234046324386067
1.0245,0.0465023554861545,0.00030517578125,0.23414065520023405
1.025,0.0465018637478351,0.00091552734375,0.2337698302849309
1.0255,0.0465020202100276,0.0,0.23389211714824437
1.026,0.0465021803975105,0.0006103515625,0.23401217700597535
1.0265,0.0465023294091224,-0.00030517578125,0.2341212677134809
1.027,0.0465019904077053,-0.00030517578125,0.23386411416696673
1.0275,0.0465018227696418,0.0,0.23374258212809626
1.028,0.0465022735297679,0.0006103515625,0.23408426054156242
1.0285,0.0465019643306732,-0.00030517578125,0.23385018317240652
1.029,0.0465019345283508,0.0,0.23383166670333883
1.0295,0.0465021207928657,0.0,0.23397356400285024
1.03,0.0465020649135112,0.0,0.23393060498314022
1.0305,0.0465020537376403,0.0006103515625,0.2339220217914096
1.031,0.0465020984411239,-0.00030517578125,0.23395533023084522
1.0315,0.0465024188160896,0.0,0.23419369102528093
1.032,0.0465020760893821,0.0,0.23393155005941488
1.0325,0.0465019568800926,0.0,0.23384313516766964
1.033,0.0465020127594471,-0.00030517578125,0.23388805164309615
1.0335,0.0465021766722202,0.0,0.2340111368352384
1.034,0.0465020053088665,0.0,0.23388148435242692
1.0345,0.0465020611882209,0.0006103515625,0.23392457318793494
1.035,0.0465021058917045,0.0,0.23395780553709214
1.0355,0.0465019270777702,0.0006103515625,0.23382381744856234
1.036,0.046502199023962,-0.0006103515625,0.23402955739103645
1.0365,0.0465017855167388,0.00030517578125,0.23371963665365977
1.037,0.0465019010007381,-0.0006103515625,0.2338143393232863
1.0375,0.0465020947158336,0.00030517578125,0.233962414203861
1.038,0.0465021096169948,-0.0006103515625,0.2339724632810542
1.0385,0.0465019643306732,0.00030517578125,0.23386342091031084
1.039,0.0465017408132553,0.00030517578125,0.2337015323126978
1.0395,0.046502199023962,0.0,0.23405051182710768
1.04,0.0465020239353179,0.0006103515625,0.23391674227700776
1.0405,0.0465018972754478,-0.00030517578125,0.23382313433472618
1.041,0.0465021319687366,0.00030517578125,0.23400117232976902
1.0415,0.0465020388364791,0.00030517578125,0.2339296756289424
1.042,0.0465021878480911,0.00030517578125,0.23404054036244018
1.0425,0.0465020313858985,0.00030517578125,0.2339207645370657
1.043,0.0465023852884769,0.0,0.23418464330936822
1.0435,0.0465021096169948,0.00030517578125,0.23397263202390056
1.044,0.0465019568800926,0.0,0.23385799183979783
1.0445,0.0465020537376403,0.00030517578125,0.2339323380389592
1.045,0.0465022176504135,0.00030517578125,0.2340542236620192
1.0455,0.0465020611882209,-0.00030517578125,0.2339343195229163
1.046,0.0465020313858985,0.00030517578125,0.23391186084129584
1.0465,0.0465023182332515,0.0006103515625,0.234126118171568
1.047,0.0465019270777702,0.00030517578125,0.2338301412293589
1.0475,0.0465020425617694,-0.00030517578125,0.23391953359073664
1.048,0.0465021021664142,0.00030517578125,0.2339639536303679
1.0485,0.0465020537376403,0.0006103515625,0.2339268027568096
1.049,0.0465020425617694,0.00030517578125,0.23391835111438597
1.0495,0.0465018972754478,0.00030517578125,0.2338109450405225
1.05,0.046502161771059,0.00030517578125,0.23401163407726844
1.0505,0.0465021915733814,0.0,0.23403164089620657
1.051,0.0465018078684806,-0.00030517578125,0.2337441551078469
1.0515,0.0465022213757038,-0.00030517578125,0.23405821161014784
1.052,0.0465021282434463,0.0,0.23398537069456718
1.0525,0.0465019345283508,0.00030517578125,0.23383956677011833
1.053,0.0465021058917045,0.0,0.23397002507609327
1.0535,0.0465023256838321,-0.00030517578125,0.2341328924322431
1.054,0.046501949429512,-0.00030517578125,0.23384774265869698
1.0545,0.0465017780661582,0.0,0.23372444944962253
1.055,0.0465021058917045,0.0,0.23397560737935436
1.0555,0.0465019904077053,0.0,0.23388828110599924
1.056,0.0465020313858985,0.0,0.23391998977780573
1.0565,0.0465020611882209,0.00030517578125,0.23394221672590834
1.057,0.0465020090341568,0.0,0.23390291234357052
1.0575,0.0465020611882209,0.00030517578125,0.2339426627966514
1.058,0.0465015769004821,0.0,0.23358490967555365
1.0585,0.046501986682415,-0.00030517578125,0.23390262626590352
1.059,0.0465020686388015,0.0,0.23396394646660074
1.0595,0.0465018711984157,-0.00030517578125,0.23381585970367838
1.06,0.0465021096169948,0.00091552734375,0.23399693256446902
1.0605,0.0465020202100276,0.0006103515625,0.2339283244967586
1.061,0.0465020984411239,0.0,0.23398642067757566
1.0615,0.0465019419789314,-0.0006103515625,0.2338681795882109
1.062,0.0465020760893821,-0.00030517578125,0.23396973492790077
1.0625,0.0465017817914485,-0.00030517578125,0.23375017187444969
1.063,0.0465019270777702,0.0,0.233865206241359
1.0635,0.0465023070573806,0.00030517578125,0.23414996267024604
1.064,0.0465021654963493,-0.00030517578125,0.23403876101228277
1.0645,0.0465022549033165,0.0,0.23410268680479304
1.065,0.0465020239353179,0.0,0.23392605407554
1.0655,0.0465023145079612,0.00030517578125,0.23414272081658016
1.066,0.0465021394193172,0.0,0.2340067439317894
1.0665,0.0465020462870597,-0.00030517578125,0.23393523939364294
1.067,0.046501912176609,0.0,0.23383570922566158
1.0675,0.0465022772550582,-0.00030517578125,0.23411010381783048
1.068,0.046502087265253,0.0,0.23396381003294422
1.0685,0.0465020649135112,0.0,0.23394599069460376
1.069,0.0465022474527359,0.0,0.23408146145904657
1.0695,0.0465019233524799,0.0,0.23383624248378698
1.07,0.0465020202100276,0.00030517578125,0.23391162751297045
1.0705,0.0465021803975105,0.0006103515625,0.23403134539703246
1.071,0.0465019680559635,-0.00030517578125,0.23387068192174726
1.0715,0.0465019010007381,0.00030517578125,0.2338232897379813
1.072,0.0465020984411239,0.0006103515625,0.2339736776112056
1.0725,0.0465020611882209,0.0,0.2339446040693058
1.073,0.0465019196271896,0.0,0.23383913103982604
1.0735,0.0465020537376403,0.0006103515625,0.2339418367023059
1.074,0.0465022511780262,0.00030517578125,0.23408846561785515
1.0745,0.0465020164847373,0.00030517578125,0.2339094447807508
1.075,0.0465019941329956,-0.00030517578125,0.23389350522204458
1.0755,0.0465022101998329,0.00030517578125,0.2340553088652929
1.076,0.0465021692216396,-0.00030517578125,0.23402146987488295
1.0765,0.046502199023962,0.00030517578125,0.23404134682204356
1.077,0.0465020537376403,-0.00030517578125,0.2339301273957695
1.0775,0.0465020015835762,0.0,0.2338912423136525
1.078,0.0465019717812538,-0.00030517578125,0.23387068053344728
1.0785,0.0465018153190612,0.0,0.2337572640067161
1.079,0.0465021170675754,0.0,0.2339877264281622
1.0795,0.0465019755065441,0.0,0.23388060573487723
1.08,0.0465020649135112,-0.00030517578125,0.2339485397311669
1.0805,0.046502124518156,0.0,0.2339923408278913
1.081,0.0465020053088665,0.00091552734375,0.23390184187928473
1.0815,0.0465022735297679,0.0006103515625,0.2341024371067699
1.082,0.046501986682415,0.0,0.23388439575917402
1.0825,0.0465021580457687,-0.00030517578125,0.23401307384518152
1.083,0.0465021207928657,-0.00030517578125,0.23398304418889693
1.0835,0.0465023517608642,0.0006103515625,0.23415396423943918
1.084,0.0465021096169948,0.00030517578125,0.23396777193971172
1.0845,0.0465021878480911,0.0,0.23402497968786468
1.085,0.0465018600225448,0.00030517578125,0.23377906739132948
1.0855,0.046502124518156,-0.0006103515625,0.23398095263436994
1.086,0.0465024635195732,0.00030517578125,0.2342322197327439
1.0865,0.0465018860995769,-0.00030517578125,0.23379446132189344
1.087,0.0465021170675754,0.0,0.23397106656491207
1.0875,0.0465016774833202,-0.00030517578125,0.23364428857674263
1.088,0.0465020164847373,0.00030517578125,0.23390715697960343
1.0885,0.0465020537376403,0.0,0.23393534543680156
1.089,0.0465019419789314,0.0,0.23385226059316602
1.0895,0.0465020984411239,0.0,0.23397108180395806
1.09,0.0465019010007381,0.00030517578125,0.23382329044001265
1.0905,0.0465022176504135,0.0,0.23406215193275393
1.091,0.0465022176504135,0.00030517578125,0.23405867300321226
1.0915,0.0465022474527359,0.0006103515625,0.23407768516050484
1.092,0.0465020388364791,0.0,0.2339183894688474
1.0925,0.0465022437274456,0.00030517578125,0.23407128188114018
1.093,0.0465022139251232,-0.0006103515625,0.2340454124021941
1.0935,0.0465021729469299,0.0006103515625,0.2340119179090268
1.094,0.0465020388364791,0.0,0.23390985105280027
1.0945,0.0465020909905433,0.0,0.23394899022479532
1.095,0.0465021505951881,-0.00030517578125,0.23399275555891536
1.0955,0.0465021133422851,0.00030517578125,0.23396315073782592
1.096,0.0465023331344127,0.0,0.2341260397654956
1.0965,0.0465022735297679,0.0,0.23407664090700672
1.097,0.0465023256838321,0.0006103515625,0.23411183431029503
1.0975,0.0465020723640918,0.00030517578125,0.23391829580761117
1.098,0.0465021654963493,-0.0006103515625,0.23398787793564146
1.0985,0.0465020202100276,0.00030517578125,0.23387783959620795
1.099,0.0465022735297679,0.0,0.23406779632403388
1.0995,0.0465019792318344,0.00030517578125,0.23384504901921113
1.1,0.0465021394193172,0.00030517578125,0.23396711348472946
1.1005,0.0465022251009941,0.0,0.23403001529581502
1.101,0.0465020313858985,-0.00030517578125,0.2338832958938594
1.1015,0.0465021841228008,0.0,0.23399823082937732
1.102,0.0465019717812538,0.0,0.23383868935516322
1.1025,0.0465022437274456,0.00030517578125,0.2340439394702987
1.103,0.0465019978582859,0.0,0.23385814014646206
1.1035,0.0465022139251232,-0.00030517578125,0.234020997388406
1.104,0.046502411365509,-0.00030517578125,0.23416583395710897
1.1045,0.0465020611882209,0.00030517578125,0.23389874891571172
1.105,0.0465021841228008,0.0006103515625,0.2339910559351779
1.1055,0.0465021654963493,0.0,0.2339755818435692
1.106,0.0465021170675754,0.0,0.23393824869756885
1.1065,0.0465020313858985,0.0006103515625,0.23387432100277805
1.107,0.0465021021664142,0.0006103515625,0.23392887358522424
1.1075,0.0465022325515747,-0.0006103515625,0.2340260595241292
1.108,0.0465020649135112,-0.00030517578125,0.2338987894979906
1.1085,0.0465022698044776,0.00030517578125,0.23405224386645088
1.109,0.0465022176504135,0.0006103515625,0.23401025445658943
1.1095,0.0465020164847373,-0.00030517578125,0.23385863762213366
1.11,0.0465019270777702,0.00030517578125,0.2337959446080313
1.1105,0.0465021356940269,-0.00030517578125,0.23395599464173306
1.111,0.0465020611882209,0.00030517578125,0.233899783043249
1.1115,0.0465021282434463,0.00030517578125,0.2339506359093809
1.112,0.0465018600225448,0.00030517578125,0.23375176804012143
1.1125,0.0465024039149284,-0.00030517578125,0.23416236675810598
1.113,0.0465022996068,0.0,0.23407873027240997
1.1135,0.0465021207928657,-0.00030517578125,0.2339416256379515
1.114,0.0465020425617694,0.00030517578125,0.23388319401583843
1.1145,0.0465021841228008,0.0,0.23398984715187804
1.115,0.0465022549033165,0.00030517578125,0.23404101652480658
1.1155,0.0465021729469299,0.0,0.23397701134971263
1.116,0.0465023219585418,0.0,0.2340868677896214
1.1165,0.0465019978582859,0.0006103515625,0.23384141693851582
1.117,0.0465022027492523,0.0,0.23399686137899994
1.1175,0.0465020202100276,0.0006103515625,0.23385932089939493
1.118,0.0465020649135112,-0.0006103515625,0.23389538075149457
1.1185,0.0465019270777702,-0.00030517578125,0.2337946345379237
1.119,0.0465022511780262,0.0,0.23404033980695832
1.1195,0.046502448618412,0.00030517578125,0.23418498880993202
1.12,0.0465020276606082,0.0,0.23386523762265152
1.1205,0.0465019382536411,0.00030517578125,0.23380179596713027
1.121,0.0465021766722202,0.0,0.23398364846298816
1.1215,0.0465023219585418,0.00030517578125,0.234090583145927
1.122,0.046501837670803,0.00030517578125,0.23372690773275542
1.1225,0.0465021096169948,0.00030517578125,0.23393677676426447
1.123,0.0465021319687366,0.00030517578125,0.2339530362647967
1.1235,0.0465019643306732,-0.0006103515625,0.23382798843777136
1.124,0.0465020202100276,0.00030517578125,0.23387372264602432
1.1245,0.0465020760893821,0.0,0.23391719488150695
1.125,0.0465021468698978,0.0,0.23397008393881402
1.1255,0.0465024523437023,-0.0006103515625,0.23419699277183373
1.126,0.0465020053088665,0.00030517578125,0.23385751812093677
1.1265,0.0465020760893821,0.00030517578125,0.23391314081256262
1.127,0.0465017743408679,0.0006103515625,0.23369136956079764
1.1275,0.0465020388364791,-0.0006103515625,0.23389706354947373
1.128,0.0465022101998329,0.0,0.23402532061440454
1.1285,0.0465019904077053,0.0,0.23385923028202812
1.129,0.0465020537376403,-0.00030517578125,0.23390893155513753
1.1295,0.0465023927390575,-0.00030517578125,0.23416224725551468
1.13,0.0465021692216396,0.0,0.23398976618182374
1.1305,0.0465018711984157,-0.0006103515625,0.2337664165213714
1.131,0.0465021952986717,0.0006103515625,0.23401326888542232
1.1315,0.0465021096169948,0.00030517578125,0.2339472589448617
1.132,0.046501912176609,0.0,0.23380065328790342
1.1325,0.046501912176609,0.0,0.2338056649578256
1.133,0.0465023517608642,0.0,0.23413647394636813
1.1335,0.0465020909905433,0.00030517578125,0.23393673504271706
1.134,0.0465022437274456,0.0,0.23405031081902622
1.1345,0.0465021282434463,0.0006103515625,0.23396099763149014
1.135,0.0465023517608642,0.00030517578125,0.23412675733090016
1.1355,0.0465019419789314,0.0,0.23381669056580298
1.136,0.0465020835399627,0.0,0.2339261229486412
1.1365,0.0465021915733814,0.001220703125,0.2340066145576378
1.137,0.0465019457042217,-0.00030517578125,0.23382199219260674
1.1375,0.0465021394193172,0.00030517578125,0.23396987255516458
1.138,0.0465020425617694,0.00030517578125,0.2338966656917454
1.1385,0.0465022101998329,0.0,0.23402237195811665
1.139,0.0465021133422851,0.00030517578125,0.23394774969510782
1.1395,0.0465020462870597,0.00030517578125,0.23389705663908555
1.14,0.0465022251009941,0.0,0.23403099532053143
1.1405,0.0465021505951881,0.0,0.23397279180403285
1.141,0.0465022400021553,0.0,0.23403827809958536
1.1415,0.0465021319687366,0.00030517578125,0.23395495902784352
1.142,0.0465021096169948,-0.00030517578125,0.2339375660955315
1.1425,0.0465021878480911,0.0,0.2339956143244511
1.143,0.0465020574629306,0.00030517578125,0.23389686208422802
1.1435,0.0465020462870597,-0.00030517578125,0.2338896620003252
1.144,0.0465021803975105,0.00091552734375,0.23399052515753965
1.1445,0.0465022139251232,0.0,0.23401398264249362
1.145,0.0465020686388015,0.00030517578125,0.23390364485592277
1.1455,0.0465021878480911,0.0,0.2339930842503402
1.146,0.0465021021664142,0.00030517578125,0.2339275351649167
1.1465,0.0465022996068,0.0,0.23407470008133593
1.147,0.0465023443102836,0.00030517578125,0.2341043880026756
1.1475,0.0465021803975105,0.00030517578125,0.23397771642400764
1.148,0.0465023554861545,-0.00030517578125,0.23410702751355875
1.1485,0.0465021394193172,0.00030517578125,0.23394161007106562
1.149,0.0465019419789314,0.0,0.23379542571012196
1.1495,0.046502124518156,0.0,0.23393610137635326
1.15,0.0465023145079612,0.0006103515625,0.23407742182835214
1.1505,0.0465023852884769,0.0,0.23412667862494846
1.151,0.0465021729469299,0.0,0.2339635138741059
1.1515,0.0465022660791873,0.00030517578125,0.23403203757636767
1.152,0.0465023405849933,-0.00030517578125,0.23408502922211527
1.1525,0.0465021356940269,0.00030517578125,0.23392839319217287
1.153,0.0465021356940269,0.00030517578125,0.23392838038434435
1.1535,0.0465023405849933,0.0,0.23408120854817394
1.154,0.0465020164847373,-0.00030517578125,0.23383645584520987
1.1545,0.0465023145079612,0.00030517578125,0.23406126553990714
1.155,0.0465022698044776,0.0,0.2340246463004758
1.1555,0.046502161771059,-0.00030517578125,0.23394171894424118
1.156,0.0465021096169948,0.00030517578125,0.23390266771630486
1.1565,0.046502161771059,0.00030517578125,0.23394235626684085
1.157,0.046502161771059,-0.0006103515625,0.23394197306973358
1.1575,0.0465021915733814,0.0,0.23396386169168695
1.158,0.0465021505951881,0.00030517578125,0.2339324251662156
1.1585,0.04650205001235,0.0006103515625,0.23385769747664753
1.159,0.0465022437274456,-0.00030517578125,0.23400423058277345
1.1595,0.0465019717812538,0.0,0.2337996694040169
1.16,0.0465023592114448,-0.00030517578125,0.23409230574953477
1.1605,0.0465022511780262,0.00030517578125,0.2340077218851567
1.161,0.0465019792318344,-0.00030517578125,0.23380392024660393
1.1615,0.0465022325515747,0.0,0.23399681240630685
1.162,0.0465024262666702,-0.00030517578125,0.2341395094133925
1.1625,0.0465021021664142,-0.00030517578125,0.23389281688225225
1.163,0.0465021431446075,0.0,0.23392469735563703
1.1635,0.0465021654963493,0.0,0.23394137539448595
1.164,0.0465022660791873,0.0006103515625,0.23401602087514237
1.1645,0.0465024821460247,0.0,0.2341751122393423
1.165,0.0465024262666702,0.0,0.2341274498231884
1.1655,0.0465021431446075,-0.00030517578125,0.23391145281003597
1.166,0.0465022176504135,0.0,0.23396746253778233
1.1665,0.0465021580457687,0.00030517578125,0.23392202908430187
1.167,0.0465022474527359,0.0,0.23398884631440434
1.1675,0.0465021505951881,0.00030517578125,0.23391520398354726
1.168,0.0465021766722202,0.0,0.23393511265947187
1.1685,0.0465022549033165,0.00030517578125,0.23399325714539868
1.169,0.046501949429512,0.0006103515625,0.23376514032245588
1.1695,0.0465021505951881,0.00030517578125,0.23392107342321858
1.17,0.0465022474527359,0.00030517578125,0.23399337454617883
1.1705,0.0465021021664142,-0.00030517578125,0.23388383157940992
1.171,0.0465019829571247,0.0006103515625,0.23379814948524494
1.1715,0.0465020984411239,0.0,0.23388938668234097
1.172,0.0465021170675754,0.00091552734375,0.23390485895659027
1.1725,0.0465020388364791,-0.0006103515625,0.2338479073535461
1.173,0.0465022474527359,0.00030517578125,0.23400588915836412
1.1735,0.0465021468698978,0.0,0.23392902011439956
1.174,0.0465020984411239,0.0006103515625,0.23389325995478666
1.1745,0.0465021356940269,0.0006103515625,0.23392223814182897
1.175,0.0465022437274456,0.00030517578125,0.23400287717806198
1.1755,0.0465022735297679,0.00030517578125,0.23402328347223342
1.176,0.0465017557144165,0.0,0.23363730059393903
1.1765,0.0465019010007381,0.0,0.23375789521248344
1.177,0.0465020611882209,0.0,0.23388376871369135
1.1775,0.0465020425617694,0.0,0.2338721228548221
1.178,0.046501912176609,-0.00030517578125,0.2337785827370445
1.1785,0.0465021058917045,-0.00030517578125,0.2339284263407737
1.179,0.0465019792318344,0.0,0.23383485586927014
1.1795,0.0465021468698978,0.00030517578125,0.23396279328041608
1.18,0.0465023480355739,0.0,0.23411180643421722
1.1805,0.0465022101998329,0.00030517578125,0.23400446064681446
1.181,0.0465022549033165,0.0,0.23403590014748726
1.1815,0.046502199023962,0.0,0.23399156761694173
1.182,0.0465021766722202,0.00030517578125,0.23397331916151712
1.1825,0.0465023145079612,0.0,0.2340750530077158
1.183,0.0465021729469299,0.0,0.23396589410837976
1.1835,0.0465022549033165,0.00030517578125,0.23402602707738154
1.184,0.0465023145079612,0.00030517578125,0.23406804847717075
1.1845,0.0465020909905433,-0.00030517578125,0.2338978671285282
1.185,0.0465022176504135,0.0,0.2339930116519428
1.1855,0.0465022213757038,0.0,0.23399414510567088
1.186,0.0465018935501575,-0.00030517578125,0.23374942092123865
1.1865,0.0465021058917045,0.0,0.23391442649613306
1.187,0.046501986682415,0.0,0.23382706828421787
1.1875,0.0465019717812538,0.00030517578125,0.23382091442131298
1.188,0.0465017780661582,0.00030517578125,0.23368317072979208
1.1885,0.0465020574629306,-0.00030517578125,0.23390070772131313
1.189,0.0465018674731254,0.0,0.23376174167579597
1.1895,0.0465021729469299,-0.00030517578125,0.23399501887489732
1.19,0.0465021319687366,0.0006103515625,0.2339626572406759
1.1905,0.0465019829571247,0.0,0.23385034602532354
1.191,0.0465024411678314,0.00030517578125,0.23419373644964117
1.1915,0.0465018600225448,-0.0006103515625,0.23375395293726622
1.192,0.0465023629367351,0.00030517578125,0.23413402530714406
1.1925,0.0465019308030605,-0.00030517578125,0.23380719540111833
1.193,0.0465020537376403,0.00030517578125,0.23390332953575774
1.1935,0.0465020313858985,0.00030517578125,0.23388748864835254
1.194,0.0465021952986717,0.00030517578125,0.23401052437822664
1.1945,0.0465022027492523,0.0,0.2340140368213243
1.195,0.0465020649135112,-0.0006103515625,0.233909195186843
1.1955,0.0465023480355739,0.0,0.23412078523414345
1.196,0.0465022139251232,0.0,0.23401599990939914
1.1965,0.0465024933218956,0.00030517578125,0.23422229335766256
1.197,0.0465023666620254,0.0,0.2341206040235574
1.1975,0.0465020574629306,0.00030517578125,0.2338857717725653
1.198,0.0465017929673194,-0.00030517578125,0.2336928778322029
1.1985,0.0465023256838321,0.00030517578125,0.23409766339545146
1.199,0.0465021654963493,0.0,0.2339739330137886
1.1995,0.046501874923706,0.00030517578125,0.23375699034279956
1.2,0.0465021543204784,0.0,0.23397110812096883
1.2005,0.046502262353897,0.00030517578125,0.23405061242965974
1.201,0.0465020313858985,0.00030517578125,0.2338756928437031
1.2015,0.0465020760893821,0.0,0.23391094430776027
1.202,0.0465020611882209,-0.0006103515625,0.23390056011599952
1.2025,0.0465022474527359,0.00030517578125,0.23404008394252265
1.203,0.0465020202100276,-0.00030517578125,0.23386823379985672
1.2035,0.0465020313858985,0.00030517578125,0.23387888138009816
1.204,0.0465021654963493,0.0,0.23398017221592834
1.2045,0.0465019010007381,0.0,0.23378247236898073
1.205,0.0465019084513187,0.00030517578125,0.23379470326964413
1.2055,0.0465020090341568,0.0,0.23387461836010326
1.206,0.0465021803975105,0.00030517578125,0.23400363434323643
1.2065,0.0465021431446075,0.0,0.2339739101981015
1.207,0.0465018600225448,0.0,0.23376291642877098
1.2075,0.0465018860995769,0.00030517578125,0.2337892942573636
1.208,0.0465021543204784,-0.0006103515625,0.23399361403438007
1.2085,0.0465020611882209,0.0,0.2339224182177477
1.209,0.0465020835399627,0.00030517578125,0.23393907935399458
1.2095,0.0465021580457687,0.00030517578125,0.2339942829507011
1.21,0.0465020611882209,0.0006103515625,0.23392033866176176
1.2105,0.0465021207928657,0.00030517578125,0.23396477449150158
1.211,0.0465022288262844,0.0,0.2340442835197051
1.2115,0.0465019717812538,-0.00091552734375,0.23384972121160338
1.212,0.0465021841228008,0.0006103515625,0.23401023765724688
1.2125,0.0465022847056388,0.00030517578125,0.23408322581919877
1.213,0.046501986682415,-0.00030517578125,0.23385761018814016
1.2135,0.0465020015835762,-0.00030517578125,0.23387174653115053
1.214,0.046501912176609,0.0,0.23380826916058392
1.2145,0.0465021133422851,0.0,0.23396230181996716
1.215,0.0465017743408679,-0.00030517578125,0.2337106088497619
1.2155,0.0465021654963493,0.0,0.2340094686921018
1.216,0.0465021356940269,0.00030517578125,0.23398502345412955
1.2165,0.0465021952986717,0.00030517578125,0.23402801294659514
1.217,0.0465020798146724,0.0,0.23393934947980205
1.2175,0.0465018041431903,0.0,0.23373480923288956
1.218,0.0465021431446075,0.0,0.23399390747666574
1.2185,0.0465019978582859,0.00030517578125,0.23388370131828992
1.219,0.0465021952986717,0.0,0.23403180621899222
1.2195,0.0465020947158336,0.00030517578125,0.23395411939510957
1.22,0.046501986682415,-0.00030517578125,0.23387313474575114
1.2205,0.0465020760893821,0.00030517578125,0.23394140276296493
1.221,0.0465021431446075,0.00030517578125,0.23399088111559438
1.2215,0.0465020760893821,0.00030517578125,0.23393925818931557
1.222,0.0465019196271896,0.00030517578125,0.23382314509909313
1.2225,0.0465023145079612,0.0,0.23412022452508083
1.223,0.0465020798146724,0.00030517578125,0.23394039085191012
1.2235,0.0465017259120941,-0.00030517578125,0.2336780962831096
1.224,0.0465021207928657,0.0,0.23398095275561778
1.2245,0.0465022064745426,-0.00030517578125,0.23404340808452084
1.225,0.0465018562972545,0.00030517578125,0.2337803624034497
1.2255,0.0465019159018993,-0.00030517578125,0.233830798356984
1.226,0.0465020313858985,0.0006103515625,0.23392006872310314
1.2265,0.0465021394193172,-0.00030517578125,0.23400057747912292
1.227,0.0465017594397068,0.00030517578125,0.23371681894302862
1.2275,0.0465018264949321,-0.0006103515625,0.2337754425394839
1.228,0.0465021058917045,-0.00030517578125,0.23398848199920724
1.2285,0.0465020984411239,-0.0006103515625,0.23398120339985032
1.229,0.046502199023962,0.00030517578125,0.23405470386147617
1.2295,0.0465020462870597,0.0,0.23393750560097026
1.23,0.0465020947158336,-0.00030517578125,0.23397319885024587
1.2305,0.0465019419789314,-0.00030517578125,0.23385779440374424
1.231,0.0465023517608642,0.0,0.2341648121919369
1.2315,0.0465022884309291,0.00030517578125,0.2341117561605879
1.232,0.0465019531548023,0.00030517578125,0.2338576308971618
1.2325,0.0465022586286067,-0.00030517578125,0.234087036193568
1.233,0.046501949429512,0.00030517578125,0.23385292927541873
1.2335,0.046502087265253,0.00030517578125,0.2339579526666087
1.234,0.0465020984411239,0.0006103515625,0.2339653467851945
1.2345,0.0465020388364791,0.0,0.23391974141299163
1.235,0.0465021841228008,-0.00030517578125,0.23402808038450998
1.2355,0.0465019904077053,0.0,0.2338812296432416
1.236,0.0465020090341568,0.00030517578125,0.23389684877657294
1.2365,0.0465019419789314,0.0,0.233848313547428
1.237,0.046502087265253,0.0,0.2339590190713578
1.2375,0.0465019606053829,-0.00030517578125,0.23386367920363743
1.238,0.0465021282434463,0.00030517578125,0.23399035332240914
1.2385,0.046501874923706,0.00030517578125,0.23380059129008476
1.239,0.0465017259120941,0.0,0.23369656842929334
1.2395,0.0465021803975105,-0.00030517578125,0.23404295185241886
1.24,0.0465019978582859,-0.00030517578125,0.23390388046353702
1.2405,0.0465022809803485,0.00030517578125,0.2341154670107981
1.241,0.0465018302202224,-0.00030517578125,0.23377565245518375
1.2415,0.0465019270777702,0.00030517578125,0.23385330170635746
1.242,0.0465022400021553,0.0,0.23408809799760605
1.2425,0.0465020686388015,0.0,0.23395623219446593
1.243,0.0465020388364791,0.0006103515625,0.23393315594882846
1.2435,0.0465018413960933,0.0,0.23378655884987212
1.244,0.0465021021664142,-0.00030517578125,0.23398541850457166
1.2445,0.0465019047260284,0.00030517578125,0.23383695102741225
1.245,0.0465019904077053,0.0,0.23390397747930586
1.2455,0.0465019345283508,-0.00030517578125,0.23386326138536984
1.246,0.0465020649135112,0.0,0.23396222571496497
1.2465,0.0465022251009941,0.0,0.23408069988907138
1.247,0.0465021505951881,0.00030517578125,0.23402122699259756
1.2475,0.0465018525719642,0.0,0.23379685244846524
1.248,0.0465021058917045,-0.00030517578125,0.23398979005793683
1.2485,0.0465021133422851,0.0006103515625,0.23399369152988558
1.249,0.0465020202100276,0.00091552734375,0.23392246700827682
1.2495,0.0465019643306732,-0.00030517578125,0.23388099443329557
1.25,0.0465020351111888,0.00030517578125,0.23393504884782024
1.2505,0.0465020313858985,0.0,0.2339318071419303
1.251,0.0465021729469299,0.0,0.2340370341230865
1.2515,0.0465021468698978,0.0,0.23401481455216452
1.252,0.0465020164847373,0.0006103515625,0.23391535087945647
1.2525,0.0465019941329956,0.0,0.23389885422068055
1.253,0.0465021543204784,0.0,0.23401876236990402
1.2535,0.0465021096169948,-0.0006103515625,0.23398300188647028
1.254,0.0465017966926097,0.0,0.2337494735525868
1.2545,0.0465019419789314,0.00030517578125,0.2338642251338164
1.255,0.0465021580457687,-0.00030517578125,0.2340266557411795
1.2555,0.0465018525719642,0.0,0.23379660296479235
1.256,0.0465021021664142,-0.0006103515625,0.23398678969245415
1.2565,0.0465021505951881,0.00091552734375,0.23402122746880655
1.257,0.0465017631649971,-0.00030517578125,0.2337312459914735
1.2575,0.0465022288262844,-0.00030517578125,0.23408442745821245
1.258,0.046502161771059,0.0,0.2340303410575443
1.2585,0.0465020649135112,0.0006103515625,0.2339554340203866
1.259,0.0465018562972545,-0.00030517578125,0.23380003491264864
1.2595,0.0465020984411239,0.0006103515625,0.23398438352123577
1.26,0.0465024337172508,0.0,0.23423275183180053
1.2605,0.0465020723640918,0.00030517578125,0.233955644598658
1.261,0.0465018637478351,-0.00030517578125,0.23380029865422286
1.2615,0.0465021580457687,0.00030517578125,0.23402349727639712
1.262,0.0465021841228008,0.0,0.23404037190701824
1.2625,0.0465021692216396,0.0,0.23402641061488547
1.263,0.0465019904077053,0.00030517578125,0.23389074528379128
1.2635,0.0465020351111888,0.0006103515625,0.2339250448706539
1.264,0.0465021505951881,0.00030517578125,0.2340109964747736
1.2645,0.0465020313858985,-0.00030517578125,0.23391990416124775
1.265,0.0465020276606082,0.0006103515625,0.23391717509289214
1.2655,0.0465021580457687,0.0,0.23401452370287068
1.266,0.046502087265253,-0.00030517578125,0.23395946836059564
1.2665,0.0465024597942829,0.0,0.23423664495683658
1.267,0.0465020686388015,0.00030517578125,0.2339373072658257
1.2675,0.0465020388364791,0.00030517578125,0.233914642728564
1.268,0.046502124518156,0.0,0.23397867071385728
1.2685,0.0465021841228008,-0.00030517578125,0.2340217262689127
1.269,0.0465022251009941,0.0,0.23404985563804803
1.2695,0.0465018413960933,0.00030517578125,0.2337610380749251
1.27,0.0465021878480911,-0.0006103515625,0.23402463639643173
1.2705,0.046501949429512,0.0006103515625,0.23384429392900677
1.271,0.046502236276865,0.0,0.23406024982994966
1.2715,0.0465020202100276,0.00030517578125,0.23389563512198283
1.272,0.0465022698044776,0.00030517578125,0.23408236921997713
1.2725,0.0465023294091224,-0.00030517578125,0.23412310486433252
1.273,0.0465020760893821,-0.00030517578125,0.23392939506471003
1.2735,0.0465018227696418,0.0,0.2337419406399022
1.274,0.0465021058917045,0.00030517578125,0.23395932199241617
1.2745,0.0465020127594471,-0.00030517578125,0.23388896868852435
1.275,0.0465021170675754,-0.00030517578125,0.23396767803390314
1.2755,0.046502124518156,0.00030517578125,0.23397209023921037
1.276,0.046502199023962,0.0,0.23402642647739774
1.2765,0.0465020984411239,0.0006103515625,0.23394873316027767
1.277,0.0465024188160896,0.0,0.23418699022973263
1.2775,0.0465023778378963,0.0,0.23415015351623264
1.278,0.046501986682415,-0.00030517578125,0.23385354285326404
1.2785,0.0465021915733814,0.00030517578125,0.234008387574869
1.279,0.0465019643306732,-0.00030517578125,0.23383747568275443
1.2795,0.0465020686388015,-0.00030517578125,0.2339185459915777
1.28,0.0465019345283508,0.00030517578125,0.23381991082403136
1.2805,0.0465019196271896,0.00030517578125,0.23381314200660186
1.281,0.0465022921562194,0.0,0.2340938973559405
1.2815,0.0465019755065441,0.0,0.23385339482913628
1.282,0.0465023852884769,0.0,0.2341606096297839
1.2825,0.0465021394193172,0.0,0.2339714482290405
1.283,0.0465019531548023,0.0,0.23383208133815478
1.2835,0.0465020090341568,0.00030517578125,0.23387769735427516
1.284,0.0465018600225448,0.00030517578125,0.23377002066401809
1.2845,0.0465020537376403,0.0,0.2339202529904058
1.285,0.0465018078684806,-0.00030517578125,0.23373913804298638
1.2855,0.0465020202100276,0.00030517578125,0.233904234698915
1.286,0.0465020462870597,0.0,0.23392416446115943
1.2865,0.0465022027492523,0.00030517578125,0.23404078954232954
1.287,0.0465021803975105,0.0006103515625,0.23402121676667612
1.2875,0.046501986682415,-0.0006103515625,0.23387452387130922
1.288,0.0465020537376403,0.00030517578125,0.23392619628476238
1.2885,0.0465019419789314,-0.00030517578125,0.23384336972088374
1.289,0.0465020723640918,-0.00030517578125,0.23394325844346323
1.2895,0.0465021654963493,0.0,0.23401219765317946
1.29,0.0465019531548023,0.0,0.23385215800432585
1.2905,0.0465022400021553,0.0,0.23406774360148128
1.291,0.0465018153190612,-0.00030517578125,0.2337487653551741
1.2915,0.0465020760893821,0.00030517578125,0.2339492920675119
1.292,0.0465019792318344,0.0006103515625,0.23387660853612094
1.2925,0.0465019829571247,-0.00030517578125,0.23388140555626102
1.293,0.046501986682415,0.0,0.23388597271867007
1.2935,0.0465020462870597,-0.0006103515625,0.23393160544582928
1.294,0.0465019643306732,0.0,0.2338706481461117
1.2945,0.0465019457042217,0.0,0.23385926846031507
1.295,0.0465019047260284,-0.00030517578125,0.233831929278251
1.2955,0.0465020798146724,0.00030517578125,0.2339654045193088
1.296,0.0465020909905433,0.0,0.2339725816421101
1.2965,0.0465021431446075,0.0,0.23401020385877203
1.297,0.0465021431446075,0.0,0.23400801810059443
1.2975,0.0465021356940269,0.0006103515625,0.2340003761271951
1.298,0.0465020686388015,0.00030517578125,0.23394845549552554
1.2985,0.0465020164847373,-0.00030517578125,0.2339089658882088
1.299,0.046501986682415,0.0,0.2338875329830785
1.2995,0.0465019010007381,0.0,0.23382567823800168
1.3,0.0465020574629306,-0.00030517578125,0.23394556863802218
1.3005,0.0465020835399627,0.00030517578125,0.2339643878215495
1.301,0.046502087265253,-0.00030517578125,0.23396608417173226
1.3015,0.0465021505951881,0.0006103515625,0.2340122232547462
1.302,0.0465021170675754,-0.00030517578125,0.23398499780526905
1.3025,0.0465019345283508,0.00030517578125,0.2338476234434617
1.303,0.0465020202100276,0.0,0.23391420148308578
1.3035,0.0465021654963493,0.0,0.23402273881574195
1.304,0.0465019792318344,-0.00030517578125,0.23388164320003874
1.3045,0.0465019345283508,0.00030517578125,0.23385027190733926
1.305,0.0465020798146724,0.0006103515625,0.23396086625706855
1.3055,0.0465023294091224,0.00030517578125,0.23414614212116452
1.306,0.0465021766722202,0.00030517578125,0.2340267699905278
1.3065,0.0465021058917045,-0.00030517578125,0.23397145213606663
1.307,0.0465020313858985,0.00030517578125,0.23391473646526761
1.3075,0.046502236276865,0.0,0.23406772228954315
1.308,0.0465018898248672,0.0,0.233806658527475
1.3085,0.0465021058917045,0.0,0.23397161721379706
1.309,0.0465019345283508,0.0,0.23384311152498183
1.3095,0.0465019755065441,0.00030517578125,0.23387675079365144
1.31,0.0465021058917045,0.0,0.23397520512313175
1.3105,0.0465020649135112,0.0,0.2339433179949495
1.311,0.0465020686388015,0.00030517578125,0.23394554331960274
1.3115,0.0465016812086105,0.0,0.23365840440453264
1.312,0.0465019904077053,0.0,0.23389859848816805
1.3125,0.0465022921562194,0.00030517578125,0.23412423016861716
1.313,0.0465018674731254,0.0,0.2338034363840445
1.3135,0.0465020611882209,-0.00030517578125,0.2339519121108421
1.314,0.0465020686388015,0.00030517578125,0.23395662185440172
1.3145,0.0465019457042217,-0.00030517578125,0.2338638935547175
1.315,0.046502236276865,0.0,0.2340818598417216
1.3155,0.0465022698044776,0.0,0.23410301251744275
1.316,0.0465021803975105,0.00030517578125,0.23403193800361718
1.3165,0.0465019531548023,0.0,0.23385971620270926
1.317,0.0465021878480911,-0.0006103515625,0.23403630926471486
1.3175,0.0465020015835762,-0.00030517578125,0.2338945237199651
1.318,0.0465021505951881,-0.0006103515625,0.23400625361579278
1.3185,0.0465020611882209,0.0,0.23393733817106835
1.319,0.0465023964643478,-0.00030517578125,0.23418693467923357
1.3195,0.0465018860995769,0.0,0.23380039918055495
1.32,0.0465020388364791,-0.00030517578125,0.2339187127358853
1.3205,0.046502336859703,0.0006103515625,0.23414104897270638
1.321,0.0465023592114448,0.0,0.2341523646019856
1.3215,0.0465020015835762,0.00030517578125,0.23388031676802692
1.322,0.0465019792318344,-0.00030517578125,0.2338658649145763
1.3225,0.0465020984411239,0.00030517578125,0.23395670493946052
1.323,0.0465017780661582,0.0,0.23371899421692077
1.3235,0.0465017966926097,0.0,0.23374205560917885
1.324,0.046501986682415,0.0,0.23389039123068897
1.3245,0.0465020947158336,0.00030517578125,0.23397174591550568
1.325,0.0465020015835762,0.00030517578125,0.2339011695750568
1.3255,0.0465020984411239,0.0,0.23397379723743167
1.326,0.0465021915733814,0.00030517578125,0.2340419173247628
1.3265,0.0465019941329956,0.0,0.2338918781097646
1.327,0.0465020053088665,0.0,0.23390147099661016
1.3275,0.0465020053088665,0.0,0.2339025015532949
1.328,0.046501837670803,0.00030517578125,0.23377982224321942
1.3285,0.0465019568800926,0.0,0.2338741429028108
1.329,0.0465020574629306,-0.00030517578125,0.23395052620795656
1.3295,0.046502236276865,0.0,0.23408324060024646
1.33,0.0465019792318344,0.0,0.2338878486415992
1.3305,0.0465020202100276,0.00030517578125,0.23391934624390973
1.331,0.046502411365509,0.0,0.23421098212537095
1.3315,0.0465019047260284,-0.00030517578125,0.23382654014065307
1.332,0.0465019643306732,0.0,0.23387494992937158
1.3325,0.0465021058917045,0.0,0.23398167905499034
1.333,0.0465023145079612,0.00030517578125,0.23413570557046579
1.3335,0.0465021319687366,0.0,0.2339942397114984
1.334,0.0465023443102836,0.00030517578125,0.23415082148323813
1.3345,0.0465020760893821,0.0,0.23394512829111583
1.335,0.0465022325515747,0.0,0.2340612398639669
1.3355,0.0465019978582859,0.0,0.2338830362628239
1.336,0.0465020053088665,0.0,0.23389035902317223
1.3365,0.046501986682415,0.0,0.2338779446521015
1.337,0.0465020686388015,0.00030517578125,0.233940473620115
1.3375,0.0465022921562194,0.00030517578125,0.23410681193507477
1.338,0.0465019643306732,0.0,0.2338583298276458
1.3385,0.0465019717812538,0.00030517578125,0.23386680853678313
1.339,0.0465019345283508,-0.00030517578125,0.2338419057516367
1.3395,0.0465020239353179,0.00030517578125,0.23391139312007297
1.34,0.0465021878480911,-0.00030517578125,0.2340337667509969
1.3405,0.0465019419789314,0.0,0.23384757001816733
1.341,0.0465022437274456,0.00030517578125,0.2340744200139087
1.3415,0.0465020835399627,0.0,0.23395125243025414
1.342,0.0465020649135112,-0.00030517578125,0.23393666119706139
1.3425,0.0465019233524799,0.00030517578125,0.2338309221893146
1.343,0.0465022772550582,0.00030517578125,0.234097127798023
1.3435,0.0465019717812538,-0.00030517578125,0.23386491883022073
1.344,0.0465022400021553,0.00030517578125,0.23406626767585195
1.3445,0.0465021058917045,0.0006103515625,0.2339627387291704
1.345,0.0465019717812538,-0.00030517578125,0.233862187026949
1.3455,0.0465022586286067,0.0006103515625,0.23407757906331075
1.346,0.0465021841228008,0.0006103515625,0.23401822607628242
1.3465,0.0465022660791873,0.00030517578125,0.23407705779944302
1.347,0.046501874923706,-0.00030517578125,0.23378267032449784
1.3475,0.0465021133422851,0.0,0.23396529221738954
1.348,0.0465020462870597,-0.00091552734375,0.2339142332293837
1.3485,0.0465019941329956,0.0,0.23387605912685336
1.349,0.0465020462870597,0.0006103515625,0.23391663374097751
1.3495,0.0465020760893821,0.0006103515625,0.23393889626582506
1.35,0.0465022176504135,0.0,0.23404400785228144
1.3505,0.0465021096169948,0.00030517578125,0.23396047908594217
1.351,0.0465021282434463,0.00030517578125,0.233973453468852
1.3515,0.0465021878480911,0.0,0.2340166958409134
1.352,0.0465021431446075,0.0,0.2339810850461909
1.3525,0.0465020537376403,0.0,0.2339129513217646
1.353,0.0465021282434463,0.0006103515625,0.23396872603094937
1.3535,0.0465020202100276,0.0,0.23388710010543112
1.354,0.0465021096169948,0.0006103515625,0.23395486831856033
1.3545,0.0465022251009941,0.00030517578125,0.23404024973481988
1.355,0.0465021729469299,-0.00030517578125,0.2339985168242374
1.3555,0.0465019941329956,0.0006103515625,0.23386341468842511
1.356,0.0465021580457687,0.00030517578125,0.2339874470624455
1.3565,0.0465020798146724,0.00030517578125,0.23392777258763528
1.357,0.0465018302202224,0.0,0.23374368027381
1.3575,0.0465021058917045,-0.00030517578125,0.23395552498206376
1.358,0.0465019345283508,0.0,0.23382759133719375
1.3585,0.0465021580457687,0.00030517578125,0.23399731990705402
1.359,0.0465020462870597,-0.00030517578125,0.2339122012232968
1.3595,0.0465018786489963,0.00030517578125,0.23378867775867399
1.36,0.0465021431446075,0.00030517578125,0.2339903060542012
1.3605,0.0465020686388015,0.0,0.2339330662405079
1.361,0.0465020984411239,-0.00030517578125,0.2339550123382605
1.3615,0.0465019755065441,0.00091552734375,0.2338627810634092
1.362,0.0465020462870597,0.0,0.23391771966737204
1.3625,0.0465021319687366,0.0,0.23398164678464944
1.363,0.0465022437274456,0.00030517578125,0.23406350977624538
1.3635,0.0465021803975105,0.00030517578125,0.23401284858290006
1.364,0.0465019047260284,-0.0006103515625,0.2338059604691759
1.3645,0.0465022735297679,0.0006103515625,0.23408436722914505
1.365,0.0465019643306732,0.0,0.23385036258342956
1.3655,0.0465021692216396,0.0,0.2340053101945665
1.366,0.0465019941329956,0.0,0.23387306687193238
1.3665,0.0465020388364791,0.00030517578125,0.23390818995297066
1.367,0.0465021394193172,-0.00030517578125,0.23398346812195883
1.3675,0.0465018786489963,-0.0006103515625,0.2337875581140473
1.368,0.0465023182332515,0.00091552734375,0.23411915651666038
1.3685,0.0465020723640918,0.0,0.23393090790400828
1.369,0.0465022809803485,0.00030517578125,0.23408626696217932
1.3695,0.0465022660791873,0.0006103515625,0.23407125207769244
1.37,0.0465021766722202,0.0,0.23400101684220082
1.3705,0.0465016029775142,0.0,0.23357394914585952
1.371,0.0465020351111888,0.0006103515625,0.23390883391633885
1.3715,0.0465022847056388,0.00030517578125,0.23409537655765306
1.372,0.0465019643306732,0.0,0.23385277285541373
1.3725,0.0465018823742866,0.0,0.2337954197703887
1.373,0.0465020425617694,0.0,0.23391937712646388
1.3735,0.0465023331344127,0.0,0.23413629637883443
1.374,0.0465020351111888,0.0006103515625,0.2339089574318398
1.3745,0.0465021394193172,0.0,0.23398699421384828
1.375,0.046502236276865,0.0,0.23405761401852548
1.3755,0.0465019308030605,0.00030517578125,0.23382679764895287
1.376,0.0465021207928657,0.0,0.23397164800977102
1.3765,0.0465021431446075,0.0,0.23398714412235036
1.377,0.0465020239353179,0.00030517578125,0.2338968633774316
1.3775,0.0465019233524799,0.0,0.23382335976239524
1.378,0.0465022325515747,-0.00030517578125,0.23405672007850858
1.3785,0.0465019457042217,0.0,0.23383988382785942
1.379,0.0465020537376403,-0.00030517578125,0.23392339839617624
1.3795,0.0465021505951881,0.0,0.2339955799755772
1.38,0.0465021580457687,0.0,0.23399933800115436
1.3805,0.0465022213757038,0.0,0.23404472956072486
1.381,0.0465019270777702,-0.00030517578125,0.23382304396783368
1.3815,0.0465020611882209,-0.00030517578125,0.23392656291103342
1.382,0.0465021394193172,0.0,0.23398471261367845
1.3825,0.0465019941329956,0.0,0.2338750286124697
1.383,0.0465020611882209,0.0,0.23392669239910108
1.3835,0.0465022325515747,0.00030517578125,0.23405441589171347
1.384,0.0465019419789314,0.00030517578125,0.23383516502561666
1.3845,0.0465021654963493,0.0,0.2340043549630643
1.385,0.0465025044977664,0.00030517578125,0.23425510931069007
1.3855,0.0465022698044776,0.00030517578125,0.23407204478560095
1.386,0.0465021394193172,-0.00030517578125,0.23397128736127354
1.3865,0.046502199023962,0.0,0.23401455295863455
1.387,0.0465022549033165,0.0,0.2340540058284665
1.3875,0.0465019047260284,0.0006103515625,0.23379040478005428
1.388,0.0465019643306732,0.0,0.23384066640209372
1.3885,0.0465023219585418,0.0,0.23410946636010896
1.389,0.0465020239353179,0.0006103515625,0.23388299899237125
1.3895,0.0465022735297679,-0.00030517578125,0.2340701112361434
1.39,0.0465022772550582,0.0,0.23406931329959654
1.3905,0.046502199023962,0.00030517578125,0.23400747269707753
1.391,0.0465020090341568,-0.0006103515625,0.2338642418129798
1.3915,0.04650205001235,0.0,0.23389700443848632
1.392,0.046502236276865,-0.00030517578125,0.2340364695879821
1.3925,0.0465018898248672,-0.00030517578125,0.23377644263728156
1.393,0.0465016812086105,-0.00030517578125,0.23362986869834065
1.3935,0.0465022958815097,0.0,0.23409785448545978
1.394,0.0465023256838321,0.0006103515625,0.23411569518400782
1.3945,0.0465022288262844,-0.00030517578125,0.23403884354587762
1.395,0.0465020090341568,0.00030517578125,0.23387256152931
1.3955,0.0465021058917045,0.0,0.23394647522125145
1.396,0.0465020313858985,0.00030517578125,0.23389055296902503
1.3965,0.0465019531548023,-0.00030517578125,0.23383415289465273
1.397,0.0465021207928657,0.0,0.23396210449229396
1.3975,0.0465020574629306,-0.00030517578125,0.2339140752470832
1.398,0.046501949429512,0.00030517578125,0.23383488201026206
1.3985,0.0465021096169948,0.0,0.23395727802166874
1.399,0.0465019568800926,-0.00030517578125,0.23384306192654203
1.3995,0.0465018860995769,0.00030517578125,0.23379444815432956
1.4,0.0465020239353179,0.0,0.23390199400434822
1.4005,0.0465021952986717,0.0,0.2340302521601206
1.401,0.0465022101998329,-0.0006103515625,0.23403871575567245
1.4015,0.0465019531548023,0.00030517578125,0.23384423530589765
1.402,0.046502199023962,-0.00030517578125,0.23402981613654164
1.4025,0.0465022698044776,0.0,0.2340800114212319
1.403,0.0465018264949321,0.00030517578125,0.23374692712287662
1.4035,0.0465021021664142,0.0006103515625,0.23395857937025807
1.404,0.0465022027492523,0.00030517578125,0.23403259076601193
1.4045,0.0465020798146724,0.0,0.23393816758064567
1.405,0.0465022101998329,0.00030517578125,0.2340349973884192
1.4055,0.0465019755065441,-0.00030517578125,0.23385732192989575
1.406,0.0465021580457687,0.0,0.2339953967375041
1.4065,0.0465020015835762,0.00030517578125,0.2338773713327064
1.407,0.0465018302202224,-0.00030517578125,0.23375327896598933
1.4075,0.0465019792318344,0.0,0.23387108174125948
1.408,0.0465019568800926,0.00030517578125,0.23385690660889522
1.4085,0.0465020611882209,-0.00030517578125,0.23393691675361475
1.409,0.04650205001235,0.00030517578125,0.2339281585705089
1.4095,0.0465020798146724,-0.0006103515625,0.23395019776328313
1.41,0.0465020835399627,-0.00030517578125,0.2339522582340437
1.4105,0.046502262353897,0.0006103515625,0.23408490610882865
1.411,0.0465022101998329,-0.00030517578125,0.23404204605300663
1.4115,0.0465018600225448,-0.00030517578125,0.23377813780773918
1.412,0.0465022809803485,0.0006103515625,0.2340962989793877
1.4125,0.046502087265253,0.0,0.233947615614631
1.413,0.0465019270777702,0.0006103515625,0.23382837454347546
1.4135,0.0465020015835762,0.0,0.23388739274992948
1.414,0.0465021915733814,0.0,0.2340297894783842
1.4145,0.0465019792318344,-0.00030517578125,0.23386902097071102
1.415,0.0465020537376403,0.00030517578125,0.2339264478327511
1.4155,0.0465023927390575,0.00030517578125,0.23417926341753137
1.416,0.046502262353897,0.0,0.23407576466409435
1.4165,0.0465021207928657,0.0,0.23396644055405125
1.417,0.0465021878480911,0.0,0.23401538830874158
1.4175,0.0465019568800926,0.0,0.23384136510895134
1.418,0.0465019457042217,0.00030517578125,0.23383699501245162
1.4185,0.0465022400021553,0.0,0.2340588064085517
1.419,0.0465022027492523,0.0,0.23402768427946175
1.4195,0.0465023331344127,0.00091552734375,0.23412253498285243
1.42,0.0465020984411239,0.0,0.23394272032757338
1.4205,0.0465021878480911,0.0,0.23400892251989044
1.421,0.0465021841228008,0.00030517578125,0.23400405903554056
1.4215,0.0465018823742866,0.0,0.23377771833564223
1.422,0.0465020649135112,0.0,0.23391911695519144
1.4225,0.0465019233524799,0.0,0.23381465327034975
1.423,0.0465021058917045,-0.00030517578125,0.23395445147650415
1.4235,0.0465016886591911,0.0006103515625,0.23364475086516667
1.424,0.0465021468698978,0.0,0.23399595972484064
1.4245,0.0465022660791873,0.0,0.2340831624743711
1.425,0.0465021170675754,-0.00030517578125,0.2339681565734304
1.4255,0.046502161771059,-0.00030517578125,0.2340003748317265
1.426,0.0465021729469299,0.0,0.23400681009693922
1.4265,0.046501912176609,0.00030517578125,0.2338103618091689
1.427,0.046502262353897,0.0006103515625,0.23407471365624954
1.4275,0.0465022586286067,0.0006103515625,0.23406833847120634
1.428,0.0465020164847373,0.0,0.23388455952180842
1.4285,0.0465020351111888,-0.00030517578125,0.23390015661690988
1.429,0.0465019419789314,0.00030517578125,0.23383257338970134
1.4295,0.0465021282434463,0.0,0.23397437263341675
1.43,0.0465018898248672,0.00030517578125,0.2337961881042817
1.4305,0.0465021878480911,0.0,0.2340222810111692
1.431,0.0465024709701538,0.00030517578125,0.23423091160458798
1.4315,0.0465021654963493,0.0006103515625,0.23399560690417376
1.432,0.0465021133422851,0.0,0.23395502434064028
1.4325,0.0465022251009941,0.0,0.23403752312124582
1.433,0.0465017519891262,0.0006103515625,0.23368372559820152
1.4335,0.0465020649135112,0.0,0.2339256777935898
1.434,0.0465021096169948,0.0,0.23395879973088501
1.4345,0.0465025343000888,-0.00030517578125,0.2342749793243586
1.435,0.046502087265253,0.0,0.2339330671988523
1.4355,0.04650205001235,0.00030517578125,0.23390492538478042
1.436,0.0465022586286067,0.0,0.23406088222512653
1.4365,0.0465020164847373,0.0,0.2338772652043336
1.437,0.0465019792318344,-0.00030517578125,0.23385202005615371
1.4375,0.0465019829571247,0.00030517578125,0.2338577560129716
1.438,0.0465021878480911,0.00091552734375,0.23401234749230213
1.4385,0.0465018935501575,0.00030517578125,0.23379129904334003
1.439,0.0465020462870597,0.00030517578125,0.23391007307429929
1.4395,0.0465020611882209,0.0006103515625,0.23392184453235598
1.44,0.0465018339455127,0.0,0.23375443878343172
1.4405,0.0465019680559635,0.00030517578125,0.23386115801018004
1.441,0.0465019941329956,0.0,0.23388314036078148
1.4415,0.0465018115937709,0.00030517578125,0.23374987918263287
1.442,0.0465021431446075,-0.00030517578125,0.2340027729055635
1.4425,0.0465019643306732,0.00030517578125,0.23386749891824027
1.443,0.0465021096169948,-0.00030517578125,0.23397744023706374
1.4435,0.0465019382536411,0.00030517578125,0.23384809458162026
1.444,0.0465022772550582,0.0,0.23410257379608637
1.4445,0.0465020276606082,0.0006103515625,0.23391188629214502
1.445,0.0465023033320903,-0.00030517578125,0.23411766398553976
1.4455,0.0465022437274456,0.0,0.23406842523563243
1.446,0.0465023182332515,0.0,0.2341204517258258
1.4465,0.046502236276865,0.00030517578125,0.23405460947144688
1.447,0.0465020835399627,0.0,0.23393756726249437
1.4475,0.0465020723640918,0.00030517578125,0.2339287516056037
1.448,0.0465022772550582,0.0006103515625,0.2340813476203456
1.4485,0.0465022251009941,0.0,0.23403855422075676
1.449,0.0465023554861545,0.0006103515625,0.23413299815520028
1.4495,0.0465019606053829,0.00030517578125,0.2338333038551974
1.45,0.0465023294091224,0.0,0.2341106166604498
1.4505,0.0465021803975105,0.0,0.23399498641891534
1.451,0.0465020425617694,-0.00030517578125,0.23389075997523065
1.4515,0.0465020351111888,0.00030517578125,0.23388683774128224
1.452,0.0465019978582859,0.00030517578125,0.23386110914449076
1.4525,0.046502236276865,0.00030517578125,0.23404052584509952
1.453,0.0465022101998329,0.0006103515625,0.23401822393620772
1.4535,0.0465020611882209,-0.00030517578125,0.23390530186405692
1.454,0.0465016849339008,0.00030517578125,0.2336290829050815
1.4545,0.0465022251009941,-0.0006103515625,0.23404189100007639
1.455,0.0465021729469299,0.00030517578125,0.2339999846767723
1.4555,0.0465018004179,0.0,0.23372128315261173
1.456,0.0465021096169948,0.0006103515625,0.23395889943773374
1.4565,0.0465020686388015,0.0,0.23392736933257002
1.457,0.0465022213757038,0.00030517578125,0.2340411115031557
1.4575,0.0465019568800926,0.0,0.2338413647521196
1.458,0.0465020388364791,-0.00030517578125,0.23390560743176508
1.4585,0.0465020835399627,-0.00030517578125,0.23393941647090788
1.459,0.0465020090341568,0.00030517578125,0.23388369437627501
1.4595,0.0465018227696418,0.0,0.23374810418274894
1.46,0.0465018786489963,0.0,0.23379749377467038
1.4605,0.0465022660791873,-0.00030517578125,0.23409004488793722
1.461,0.0465019829571247,0.0,0.2338751333458696
1.4615,0.0465020388364791,0.00030517578125,0.23391863264764073
1.462,0.0465018898248672,0.0,0.23380893674917588
1.4625,0.046501912176609,-0.00030517578125,0.233830004249786
1.463,0.0465022958815097,0.00030517578125,0.2341182727473078
1.4635,0.0465019717812538,0.0006103515625,0.2338718839882983
1.464,0.0465020835399627,0.00030517578125,0.23395680857258241
1.4645,0.0465019345283508,0.0006103515625,0.23384514106778106
1.465,0.0465020164847373,0.00030517578125,0.23390909249558323
1.4655,0.0465022809803485,0.0,0.23410666502586752
1.466,0.0465022288262844,0.00030517578125,0.2340632480349113
1.4665,0.0465020574629306,0.0006103515625,0.23393204642336146
1.467,0.0465019568800926,-0.00030517578125,0.2338574292131796
1.4675,0.0465021170675754,0.00030517578125,0.2339787962542113
1.468,0.0465022288262844,0.0006103515625,0.234060684814248
1.4685,0.0465019010007381,-0.00030517578125,0.23381315194455118
1.469,0.0465021133422851,0.00030517578125,0.23397511026336604
1.4695,0.0465021543204784,0.00030517578125,0.23400435905701134
1.47,0.0465019084513187,0.00030517578125,0.23381974470513178
1.4705,0.0465019233524799,0.0,0.23383544132555692
1.471,0.0465019643306732,0.0006103515625,0.23386962020108146
1.4715,0.0465021766722202,0.00030517578125,0.23402919147490944
1.472,0.046501874923706,0.0,0.23380239370424696
1.4725,0.0465020090341568,0.0,0.233906676406683
1.473,0.0465021319687366,0.0,0.23399857581817077
1.4735,0.0465017594397068,0.0,0.23371993188903617
1.474,0.0465020015835762,0.0,0.23390782775867583
1.4745,0.0465020313858985,0.0,0.23393030246226834
1.475,0.0465022027492523,0.0006103515625,0.23405778163646423
1.4755,0.0465019978582859,-0.00030517578125,0.2339017133183608
1.476,0.0465020202100276,0.001220703125,0.23391904401322874
1.4765,0.0465020835399627,0.0,0.23396628693744095
1.477,0.0465019717812538,0.0,0.2338820866351374
1.4775,0.0465018674731254,-0.00030517578125,0.23380645486839477
1.478,0.0465021729469299,0.00030517578125,0.23403764111712116
1.4785,0.0465020351111888,0.0,0.2339319864166739
1.479,0.0465020388364791,0.00030517578125,0.23393447675900553
1.4795,0.0465020462870597,-0.0006103515625,0.23393966383486264
1.48,0.0465019904077053,0.0,0.23389765689647657
1.4805,0.0465020835399627,-0.00030517578125,0.23396760721455995
1.481,0.0465021207928657,0.0,0.23399420334717905
1.4815,0.0465020611882209,0.0,0.2339479685431325
1.482,0.0465020164847373,-0.00030517578125,0.23391400478851088
1.4825,0.046502087265253,0.00030517578125,0.23396694272888385
1.483,0.0465020015835762,0.0006103515625,0.23390203680603766
1.4835,0.0465020276606082,-0.0006103515625,0.23392215289526763
1.484,0.0465019606053829,0.0,0.23387261219052735
1.4845,0.0465021207928657,-0.00030517578125,0.23399327078345897
1.485,0.0465022921562194,0.0,0.23411923910257454
1.4855,0.0465021207928657,-0.00030517578125,0.2339865665527547
1.486,0.0465022213757038,0.0,0.23405999302850664
1.4865,0.046502087265253,0.0006103515625,0.23395652868766292
1.487,0.0465022437274456,0.0,0.2340723396543382
1.4875,0.0465020276606082,-0.00030517578125,0.23390761036142318
1.488,0.0465020351111888,0.0,0.23391375500038886
1.4885,0.0465020835399627,0.0,0.2339500385972325
1.489,0.0465020835399627,-0.0006103515625,0.23394932825772427
1.4895,0.0465019941329956,0.00030517578125,0.23388206088038221
1.49,0.0465020798146724,0.00030517578125,0.23394721370434118
1.4905,0.0465019382536411,-0.00030517578125,0.2338410927152771
1.491,0.0465022288262844,-0.00030517578125,0.2340599079212779
1.4915,0.0465021207928657,-0.0006103515625,0.23397600685529504
1.492,0.0465020835399627,0.0,0.23394693352222176
1.4925,0.0465016923844814,0.0,0.2336569197389833
1.493,0.0465020686388015,0.0,0.23394680740769241
1.4935,0.0465020798146724,-0.00030517578125,0.2339543978418603
1.494,0.0465022809803485,0.00030517578125,0.234103559585151
1.4945,0.0465020239353179,-0.00030517578125,0.23390749825800686
1.495,0.0465020351111888,0.00030517578125,0.2339163885883753
1.4955,0.0465019643306732,-0.00030517578125,0.23386461087677157
1.496,0.0465017445385456,0.0,0.23370538072566366
1.4965,0.0465018674731254,0.0,0.23380616696967987
1.497,0.0465018190443515,-0.00030517578125,0.2337757798495554
1.4975,0.0465018898248672,0.0,0.23383466759907107
1.498,0.0465019084513187,0.00030517578125,0.2338522875255018
1.4985,0.0465019904077053,0.0,0.23391577106893097
1.499,0.0465020164847373,0.00091552734375,0.2339352191377904
1.4995,0.0465021803975105,-0.00030517578125,0.2340570499583231
1.5,0.0465021878480911,0.00030517578125,0.23405923210388516
1.5005000000000002,0.0465021356940269,0.00030517578125,0.2340169469082235
1.501,0.0465018823742866,0.0,0.23382637164606462
1.5015,0.0465020798146724,0.00030517578125,0.23397665229911785
1.5019999999999998,0.0465019941329956,0.0,0.2339113700469729
1.5025,0.0465017594397068,0.00030517578125,0.23373798654505887
1.503,0.0465022027492523,0.0,0.23407418106750322
1.5034999999999998,0.0465021505951881,0.0,0.23403155578098636
1.504,0.0465020798146724,0.00030517578125,0.2339760703848052
1.5045000000000002,0.0465019606053829,0.0006103515625,0.23388608377505646
1.505,0.046501837670803,-0.00030517578125,0.2337970643677053
1.5055,0.0465022027492523,0.0,0.23407284746251109
1.5059999999999998,0.0465022064745426,-0.0006103515625,0.23407182537963897
1.5065,0.0465019010007381,0.0,0.2338407748003544
1.507,0.046501874923706,0.0,0.23382529072229644
1.5074999999999998,0.046502124518156,0.00030517578125,0.23401430412832402
1.508,0.0465019829571247,0.0,0.2339064765349192
1.5085000000000002,0.0465019457042217,0.0,0.23387953878357018
1.509,0.0465019419789314,0.0,0.2338786028149867
1.5095,0.0465018227696418,0.00030517578125,0.2337923768518204
1.5099999999999998,0.0465019829571247,-0.00030517578125,0.23391629869049024
1.5105,0.0465019680559635,0.00030517578125,0.23390544303581767
1.511,0.0465018600225448,0.0,0.23382639109171646
1.5114999999999998,0.0465019308030605,0.00030517578125,0.2338828542629501
1.512,0.0465019047260284,0.00030517578125,0.23386519473138837
1.5125000000000002,0.0465019308030605,0.00030517578125,0.23388676626966373
1.513,0.0465019755065441,0.0006103515625,0.2339210987765739
1.5135,0.0465020723640918,0.0,0.23399320179590133
1.5139999999999998,0.0465020947158336,0.00030517578125,0.23400799985846923
1.5145,0.0465021505951881,0.00030517578125,0.23404756438699684
1.515,0.0465019904077053,-0.00030517578125,0.23392498746758777
1.5154999999999998,0.046502161771059,0.00030517578125,0.23405260561763697
1.516,0.0465021543204784,0.00030517578125,0.23404376081172368
1.5165000000000002,0.0465019792318344,-0.00030517578125,0.23391003564034107
1.517,0.0465021692216396,0.00030517578125,0.2340518750330397
1.5175,0.0465017184615135,-0.00030517578125,0.23371343487708196
1.5179999999999998,0.0465019419789314,0.0,0.23388782143431777
1.5185,0.0465020053088665,0.0,0.23393597899962612
1.519,0.0465020164847373,0.00030517578125,0.2339438307145258
1.5195,0.0465021058917045,0.0,0.23400989928914742
1.52,0.0465019233524799,0.0,0.23387187610403753
1.5205000000000002,0.0465020947158336,0.0,0.23400088434507232
1.521,0.0465020015835762,0.0,0.23392940947031096
1.5215,0.0465019419789314,-0.00030517578125,0.23388486544982412
1.5219999999999998,0.0465019419789314,0.00030517578125,0.23388639406276576
1.5225,0.0465019419789314,0.0,0.23388775259852784
1.523,0.0465019941329956,0.0,0.23392760737258383
1.5235,0.0465021878480911,0.0,0.23407188034687523
1.524,0.0465020984411239,0.00030517578125,0.23400146447970993
1.5245000000000002,0.0465020425617694,0.0,0.23395776987724046
1.525,0.0465020313858985,0.00030517578125,0.23394847641377298
1.5255,0.0465021468698978,-0.00030517578125,0.23403390679815647
1.5259999999999998,0.0465020686388015,-0.00091552734375,0.23397277019694038
1.5265,0.0465022511780262,0.0,0.23410770378771112
1.527,0.0465020760893821,0.0,0.23397257099896004
1.5275,0.0465020239353179,0.00030517578125,0.23393248194896646
1.528,0.046501837670803,0.0,0.2337946003038397
1.5285000000000002,0.0465019643306732,0.00030517578125,0.23389352650854778
1.529,0.0465022400021553,0.0,0.2340995755835084
1.5295,0.0465020425617694,0.0,0.2339479010178393
1.5299999999999998,0.0465021207928657,-0.00030517578125,0.23400554446367539
1.5305,0.0465020351111888,0.00030517578125,0.23393955157943416
1.531,0.046501986682415,0.0,0.23390305765551253
1.5315,0.0465021207928657,0.0006103515625,0.23400349999247025
1.532,0.0465020015835762,0.00030517578125,0.23391260805948186
1.5325000000000002,0.0465021841228008,0.00030517578125,0.23404897612530187
1.533,0.0465020351111888,0.00030517578125,0.23393472708740973
1.5335,0.0465022474527359,0.00030517578125,0.2340927678915689
1.5339999999999998,0.0465021803975105,0.00030517578125,0.234038560672317
1.5345,0.0465020239353179,-0.00030517578125,0.23391893228095628
1.535,0.0465021654963493,0.00030517578125,0.23402450622602552
1.5355,0.0465019345283508,0.0,0.233850090825243
1.536,0.0465019717812538,0.0,0.23388086763054183
1.5365000000000002,0.0465019680559635,-0.00030517578125,0.23387976977112968
1.537,0.0465020723640918,0.00030517578125,0.2339587377143317
1.5375,0.0465020686388015,-0.00030517578125,0.23395506753898065
1.5379999999999998,0.0465018190443515,0.00030517578125,0.23376949757875792
1.5385,0.0465022437274456,0.0,0.23409073693091212
1.539,0.0465021468698978,0.00030517578125,0.2340143052161039
1.5395,0.0465021654963493,-0.00030517578125,0.23402592642654224
1.54,0.0465021543204784,0.0,0.23401503960539513
1.5405000000000002,0.0465022921562194,0.0,0.23411569086313389
1.541,0.0465019978582859,0.0006103515625,0.23389174734023177
1.5415,0.046502087265253,0.0,0.23395923781975114
1.5419999999999998,0.046501986682415,0.00030517578125,0.23388355044688638
1.5425,0.0465018562972545,-0.00030517578125,0.2337891921486751
1.543,0.0465018078684806,0.0,0.233759731656009
1.5435,0.0465020649135112,0.0006103515625,0.2339569199370497
1.544,0.0465021952986717,0.0,0.23405314095903862
1.5445000000000002,0.0465022101998329,-0.0006103515625,0.23406106042116764
1.545,0.0465018674731254,0.00030517578125,0.23380295630411108
1.5455,0.0465020686388015,0.0,0.2339569452127264
1.5459999999999998,0.0465021431446075,0.00030517578125,0.23401152580060633
1.5465,0.0465018674731254,0.00030517578125,0.23380395477798976
1.5470000000000002,0.0465021505951881,-0.00030517578125,0.23401871983205225
1.5475,0.0465019047260284,0.00030517578125,0.23383319036280634
1.548,0.046502087265253,-0.00030517578125,0.23397213922398688
1.5485000000000002,0.0465020164847373,-0.00030517578125,0.23391805364772741
1.549,0.0465020611882209,-0.00030517578125,0.23395141301546066
1.5495,0.0465021356940269,-0.0006103515625,0.23400624068517276
1.5499999999999998,0.0465020760893821,-0.00030517578125,0.2339597066761892
1.5505,0.0465023443102836,0.00030517578125,0.2341589504051995
1.5510000000000002,0.0465021021664142,0.00030517578125,0.23397260295051484
1.5515,0.0465018525719642,0.00030517578125,0.2337860726890777
1.552,0.0465018600225448,-0.00030517578125,0.2337979575203912
1.5525000000000002,0.0465022400021553,0.0,0.23408492589837931
1.553,0.0465020388364791,0.0006103515625,0.23393089405434628
1.5535,0.0465020053088665,0.00030517578125,0.23390535119369468
1.5539999999999998,0.0465025231242179,0.0,0.23429181156112797
1.5545,0.0465021580457687,0.0,0.2340105227917068
1.5550000000000002,0.0465020537376403,0.0,0.23393066451119662
1.5555,0.0465020388364791,0.00030517578125,0.23391927709219795
1.556,0.0465020947158336,0.00030517578125,0.23396096442862238
1.5565000000000002,0.0465021133422851,0.0,0.23397387379363258
1.557,0.0465019382536411,0.0,0.23384260243822527
1.5575,0.0465020760893821,0.0,0.23394807476946086
1.5579999999999998,0.0465019159018993,0.00030517578125,0.23382871102372732
1.5585,0.0465022213757038,0.0,0.23405916389249257
1.5590000000000002,0.0465020611882209,0.0006103515625,0.23393634893784426
1.5595,0.0465020760893821,0.00030517578125,0.2339470672390528
1.56,0.0465019755065441,-0.00030517578125,0.2338717766629829
1.5605000000000002,0.0465020798146724,0.00030517578125,0.23395116136405955
1.561,0.0465020760893821,0.0,0.23394762120301985
1.5615,0.0465020202100276,-0.00030517578125,0.23390544941278188
1.5619999999999998,0.0465019531548023,0.0,0.2338567694971794
1.5625,0.0465020164847373,0.0,0.2339062831218806
1.5630000000000002,0.0465022064745426,0.00030517578125,0.2340482272469873
1.5635,0.0465019643306732,-0.0006103515625,0.23386451133075803
1.564,0.0465021803975105,0.00030517578125,0.23402710659870798
1.5644999999999998,0.0465022474527359,0.00030517578125,0.23407466110901812
1.565,0.0465020202100276,-0.00030517578125,0.23390166695776113
1.5655,0.0465021319687366,0.0006103515625,0.23398550598921536
1.5659999999999998,0.0465020723640918,0.0,0.2339395027823522
1.5665,0.0465019345283508,0.0006103515625,0.2338370804954719
1.5670000000000002,0.0465018451213836,-0.00030517578125,0.2337752230406068
1.5675,0.0465020202100276,0.0,0.23391107388326157
1.568,0.0465020798146724,0.0,0.2339556530912752
1.5684999999999998,0.0465020313858985,0.0,0.23391866831291835
1.569,0.0465020537376403,-0.0006103515625,0.2339353698384594
1.5695,0.0465022586286067,0.0006103515625,0.2340878903760768
1.5699999999999998,0.0465021468698978,-0.00030517578125,0.2340005018052103
1.5705,0.0465018227696418,0.00030517578125,0.2337573790981178
1.5710000000000002,0.0465021431446075,-0.00030517578125,0.2340017353758367
1.5715,0.0465020760893821,0.0006103515625,0.23394975494038622
1.572,0.0465019270777702,0.00030517578125,0.2338385749849616
1.5724999999999998,0.0465020984411239,0.0,0.2339689845045882
1.573,0.0465022400021553,0.0006103515625,0.2340733130007549
1.5735,0.0465020425617694,0.0,0.23392234160358225
1.5739999999999998,0.0465021096169948,0.0,0.23397231908769217
1.5745,0.0465023554861545,0.00030517578125,0.2341546293139466
1.5750000000000002,0.0465020053088665,0.0,0.23388810941321517
1.5755,0.0465021021664142,-0.0006103515625,0.23396130707407925
1.576,0.046501986682415,-0.00030517578125,0.23387454787843978
1.5764999999999998,0.0465020388364791,0.0,0.23391538032305065
1.577,0.0465018525719642,0.00030517578125,0.23377841298054308
1.5775,0.0465020127594471,-0.00030517578125,0.23390330755781066
1.5779999999999998,0.0465019233524799,-0.00030517578125,0.233838183564413
1.5785,0.0465019717812538,-0.00030517578125,0.23387777155550926
1.5790000000000002,0.0465019419789314,0.0006103515625,0.23385777353934295
1.5795,0.0465022996068,0.0,0.23412612921246675
1.58,0.0465020127594471,0.0,0.2339073281170412
1.5804999999999998,0.0465018600225448,0.00030517578125,0.23379438180660833
1.581,0.0465023927390575,0.00030517578125,0.2341946967466604
1.5815,0.0465022176504135,-0.00030517578125,0.23405747285066686
1.582,0.0465018786489963,0.00030517578125,0.23380229466779706
1.5825,0.0465020649135112,-0.00030517578125,0.23394531583073072
1.5830000000000002,0.0465020984411239,0.00030517578125,0.23396964651481317
1.5835,0.0465022437274456,-0.00030517578125,0.2340768504502339
1.584,0.0465018600225448,0.00030517578125,0.23378792626016898
1.5844999999999998,0.0465021021664142,0.00030517578125,0.2339729836888685
1.585,0.0465021431446075,-0.00030517578125,0.23400219680692314
1.5855,0.0465019792318344,0.0,0.23387806248514198
1.586,0.0465020835399627,0.00030517578125,0.2339571823800848
1.5865,0.0465020611882209,-0.00030517578125,0.2339397668436244
1.5870000000000002,0.0465018153190612,0.0,0.2337577195034637
1.5875,0.0465020276606082,0.00030517578125,0.23392200695316023
1.588,0.0465019419789314,0.0,0.23385869163794998
1.5884999999999998,0.0465019904077053,0.00030517578125,0.2338971856324908
1.589,0.0465020388364791,-0.00030517578125,0.23393398105121982
1.5895,0.0465019904077053,0.00030517578125,0.2338973248168548
1.59,0.0465023480355739,0.00030517578125,0.23416449538638662
1.5905,0.0465018637478351,0.0,0.23379753158032926
1.5910000000000002,0.0465022176504135,0.0,0.23406511386879025
1.5915,0.0465020723640918,0.0,0.23395320697331143
1.592,0.046502161771059,0.0,0.2340190824350305
1.5924999999999998,0.0465017817914485,0.00030517578125,0.2337342384140019
1.593,0.0465019382536411,0.0006103515625,0.23385835372024966
1.5935,0.04650205001235,0.00030517578125,0.23394382439519606
1.594,0.0465018525719642,-0.00030517578125,0.23379715589160083
1.5945,0.0465020351111888,0.0,0.23393752207253046
1.5950000000000002,0.0465021654963493,0.00030517578125,0.23403421537175056
1.5955,0.046501949429512,0.0,0.23387061063733736
1.596,0.046501912176609,0.00030517578125,0.23384548742322825
1.5964999999999998,0.0465020202100276,0.00030517578125,0.23392869844220063
1.597,0.0465019084513187,0.00030517578125,0.23384583446640914
1.5975,0.046501949429512,0.0,0.23387925660865092
1.598,0.0465020723640918,0.00030517578125,0.23397199715322686
1.5985,0.0465019010007381,-0.00030517578125,0.23384290387091886
1.5990000000000002,0.0465021580457687,0.00030517578125,0.23403666691791428
1.5995,0.0465020984411239,0.0,0.23398931193486
1.6,0.0465021952986717,0.00030517578125,0.2340598326460734
1.6004999999999998,0.0465021543204784,-0.00030517578125,0.23402593826851972
1.601,0.0465019978582859,0.0006103515625,0.23390681093992158
1.6015,0.0465019084513187,0.0,0.23384134733542308
1.602,0.0465020053088665,0.0,0.23391637210040936
1.6025,0.0465021729469299,0.00030517578125,0.23404149724699141
1.6030000000000002,0.0465019233524799,0.0,0.23385289402482004
1.6035,0.046502124518156,0.00030517578125,0.23400484482166045
1.604,0.0465020760893821,-0.0006103515625,0.2339666320512919
1.6044999999999998,0.0465021692216396,0.0006103515625,0.23403499927783503
1.605,0.0465020760893821,0.00030517578125,0.2339627662920562
1.6055,0.0465022027492523,0.00030517578125,0.2340562460080988
1.606,0.0465021058917045,0.0,0.23398072510681953
1.6065,0.0465021431446075,0.0,0.23400692225413056
1.6070000000000002,0.0465023815631866,0.00030517578125,0.23418260344080077
1.6075,0.0465021580457687,-0.00030517578125,0.23400959500034915
1.608,0.0465016216039657,0.0,0.2336102800143395
1.6084999999999998,0.0465021915733814,0.0,0.23404590558459742
1.609,0.0465020127594471,-0.0006103515625,0.2339094761842491
1.6095000000000002,0.0465020462870597,0.0006103515625,0.2339347073355733
1.61,0.0465021468698978,0.0,0.23400932249973674
1.6105,0.0465018823742866,0.00030517578125,0.23381022900915743
1.6110000000000002,0.0465021058917045,0.00030517578125,0.23398054170395532
1.6115,0.0465021878480911,0.00030517578125,0.23404023240416766
1.612,0.0465021468698978,0.0,0.23400677639242418
1.6124999999999998,0.0465023070573806,0.0,0.23412423211262748
1.613,0.0465022251009941,-0.00030517578125,0.23405819208541456
1.6135000000000002,0.046502262353897,0.0006103515625,0.23408276130689343
1.614,0.046501986682415,0.00030517578125,0.23387367497981873
1.6145,0.0465019941329956,0.0,0.2338812536404241
1.6150000000000002,0.0465020909905433,0.0006103515625,0.2339547039963403
1.6155,0.0465022288262844,-0.0006103515625,0.23405678105162459
1.616,0.0465020164847373,-0.00030517578125,0.23389537062993193
1.6164999999999998,0.0465020798146724,-0.00030517578125,0.2339433799567375
1.617,0.0465021356940269,0.0,0.23398449007583697
1.6175000000000002,0.0465020947158336,0.0,0.23395232532595464
1.618,0.046502262353897,0.0006103515625,0.2340765753186456
1.6185,0.0465022251009941,-0.00030517578125,0.2340450884309766
1.6190000000000002,0.0465021803975105,0.0,0.23400881035155302
1.6195,0.0465022660791873,-0.00030517578125,0.2340706780172202
1.62,0.0465022027492523,0.0,0.23401988557311035
1.6204999999999998,0.0465021543204784,0.00030517578125,0.23398146990105706
1.621,0.0465020723640918,0.00030517578125,0.23391900085565445
1.6215000000000002,0.0465020239353179,0.00030517578125,0.23388326895468486
1.622,0.0465021468698978,0.00030517578125,0.2339760771268854
1.6225,0.0465024001896381,-0.00030517578125,0.23416373688917538
1.6230000000000002,0.0465016700327396,0.0,0.23361575337789986
1.6235,0.0465018525719642,0.00030517578125,0.23376411973070949
1.624,0.0465022884309291,0.00030517578125,0.23409376535467824
1.6244999999999998,0.0465020425617694,-0.00030517578125,0.23390637227015917
1.625,0.0465020090341568,0.0,0.2338824444622258
1.6255000000000002,0.046502199023962,0.00030517578125,0.23402513619076262
1.626,0.0465020239353179,0.00030517578125,0.23389229917756715
1.6265,0.046501912176609,0.0,0.23381116593953574
1.6269999999999998,0.0465020351111888,0.0,0.2339069737860813
1.6275,0.0465019792318344,0.00030517578125,0.23386637040523697
1.628,0.04650205001235,-0.00030517578125,0.23392111639414603
1.6284999999999998,0.0465022176504135,0.00030517578125,0.2340461324958457
1.629,0.046501837670803,-0.00030517578125,0.23376094584227727
1.6295000000000002,0.0465022735297679,0.0,0.2340909795484901
1.63,0.0465020537376403,0.00030517578125,0.23392294093592308
1.6305,0.0465022735297679,0.00030517578125,0.2340868528712479
1.6309999999999998,0.0465022511780262,-0.00030517578125,0.2340661749735706
1.6315,0.0465022101998329,0.0,0.2340321301005059
1.632,0.0465022325515747,-0.00030517578125,0.23404615929188197
1.6324999999999998,0.0465018115937709,-0.00030517578125,0.23373007562732565
1.633,0.0465020723640918,0.0,0.23393142187785596
1.6335000000000002,0.0465020835399627,0.0006103515625,0.23393958746881144
1.634,0.0465019233524799,0.00030517578125,0.23382071613337427
1.6345,0.0465019941329956,0.00030517578125,0.23387727239585746
1.6349999999999998,0.0465022586286067,0.0,0.23407546813466187
1.6355,0.0465019196271896,0.00030517578125,0.23381925018980915
1.636,0.0465021170675754,0.00030517578125,0.23396993659558205
1.6364999999999998,0.0465021058917045,0.00030517578125,0.23396037430870584
1.637,0.0465022251009941,0.0,0.23404831872791737
1.6375000000000002,0.0465020760893821,0.0,0.2339341055494275
1.638,0.0465021356940269,-0.0006103515625,0.2339782679990296
1.6385,0.0465019643306732,-0.0006103515625,0.23384953271808404
1.6389999999999998,0.0465019568800926,0.0006103515625,0.23384749768439672
1.6395,0.046501949429512,0.00030517578125,0.23384519028015074
1.64,0.0465021431446075,0.0,0.2339919580538672
1.6404999999999998,0.0465022400021553,0.0,0.23406257338457082
1.641,0.0465021133422851,0.00030517578125,0.23396473458638975
1.6415000000000002,0.0465019643306732,-0.0006103515625,0.23385277367463497
1.642,0.0465020984411239,-0.00030517578125,0.23395508590623545
1.6425,0.0465021468698978,0.0,0.23399038099382793
1.6429999999999998,0.0465019233524799,0.00030517578125,0.23382276658804552
1.6435,0.0465018190443515,0.0,0.2337503358715689
1.644,0.0465019978582859,0.00030517578125,0.23389012658732153
1.6445,0.0465018525719642,-0.00030517578125,0.2337835196653776
1.645,0.0465023890137672,-0.0006103515625,0.23418704223815734
1.6455000000000002,0.0465019382536411,0.0,0.23384469050723458
1.646,0.0465020574629306,-0.00030517578125,0.2339362861885446
1.6465,0.0465021431446075,0.0,0.2339997850288989
1.6469999999999998,0.0465018823742866,-0.00030517578125,0.23380426245245312
1.6475,0.0465019941329956,0.00030517578125,0.2338922291431085
1.648,0.0465018935501575,0.0,0.2338194020973764
1.6485,0.0465021654963493,0.00030517578125,0.23402524059595808
1.649,0.046502199023962,0.0,0.23404764511029533
1.6495000000000002,0.0465023554861545,0.0,0.23416127384891688
1.65,0.0465024039149284,0.0,0.23419155640103373
1.6505,0.0465019941329956,0.00030517578125,0.23387959384786539
1.6509999999999998,0.0465020164847373,0.0,0.23389809426812283
1.6515,0.0465019419789314,0.0,0.23384381373543608
1.652,0.0465021952986717,0.0,0.23403485993143056
1.6525,0.0465022400021553,0.0,0.23406549997386314
1.653,0.0465019084513187,0.0,0.23381557633226033
1.6535000000000002,0.0465020574629306,0.0,0.23393041028362943
1.654,0.0465021766722202,0.0,0.23401900210226217
1.6545,0.0465020127594471,0.0,0.23389433543723284
1.6549999999999998,0.0465021394193172,0.00030517578125,0.23398942110245738
1.6555,0.0465022325515747,0.00030517578125,0.23405730191890742
1.656,0.0465021356940269,-0.0006103515625,0.23398181099712198
1.6565,0.0465023107826709,0.0,0.23411098676201403
1.657,0.0465018227696418,0.0006103515625,0.23374383137423402
1.6575000000000002,0.046502087265253,0.00030517578125,0.23394739118214886
1.658,0.0465020574629306,0.0,0.23392446440930958
1.6585,0.0465018860995769,0.0,0.23379733639728034
1.6589999999999998,0.0465022735297679,0.0,0.23408980226886442
1.6595,0.0465021207928657,0.00030517578125,0.23397184721607173
1.66,0.0465020760893821,0.0,0.23393733774902917
1.6605,0.0465019755065441,0.00030517578125,0.233862278953378
1.661,0.0465020798146724,0.00030517578125,0.23394207951496132
1.6615000000000002,0.0465022139251232,-0.00030517578125,0.2340416069703626
1.662,0.0465022213757038,0.0006103515625,0.23404425607888174
1.6625,0.0465021394193172,0.0006103515625,0.23398021203968222
1.6629999999999998,0.0465020351111888,0.0,0.23390120777628187
1.6635,0.0465019717812538,0.00030517578125,0.23385544393248323
1.664,0.0465020090341568,0.0006103515625,0.23388603012089534
1.6645,0.0465021207928657,0.00030517578125,0.2339704013278742
1.665,0.0465020164847373,0.00030517578125,0.23389164837365453
1.6655000000000002,0.046502336859703,0.0,0.23413137658245517
1.666,0.0465022511780262,0.00030517578125,0.23406239202362036
1.6665,0.0465023145079612,0.0,0.23410635230915716
1.6669999999999998,0.046501986682415,-0.00030517578125,0.23385796158659342
1.6675,0.0465022213757038,0.0,0.23403476100100037
1.668,0.0465020202100276,0.0,0.23388233172206083
1.6685,0.0465023443102836,-0.00030517578125,0.23412517067325317
1.669,0.0465020611882209,0.0,0.23390926042278506
1.6695000000000002,0.0465019047260284,0.0,0.23379439708995106
1.67,0.0465020462870597,0.0,0.23390478108362042
1.6705,0.0465019568800926,-0.00030517578125,0.23383951497911376
1.6709999999999998,0.0465020909905433,-0.00030517578125,0.2339423700577216
1.6715,0.0465019680559635,0.00030517578125,0.23385053724585492
1.6720000000000002,0.0465021207928657,0.0,0.23396676441959868
1.6725,0.0465022213757038,-0.0006103515625,0.23404070458563803
1.673,0.046502236276865,-0.00030517578125,0.23404894970180662
1.6735000000000002,0.0465019792318344,0.0,0.23385430543794355
1.674,0.046502161771059,-0.00030517578125,0.2339925315500309
1.6745,0.0465022213757038,-0.00030517578125,0.23403535105297701
1.6749999999999998,0.0465021394193172,-0.0006103515625,0.23397153381480665
1.6755,0.0465023666620254,-0.00091552734375,0.2341400261932693
1.6760000000000002,0.0465020835399627,-0.00030517578125,0.23392368319876133
1.6765,0.0465019196271896,-0.0006103515625,0.23380223074949238
1.677,0.0465022772550582,-0.00030517578125,0.2340724648097604
1.6775000000000002,0.0465020351111888,-0.00030517578125,0.23388822030127004
1.678,0.0465021803975105,0.0,0.23399745075591868
1.6785,0.0465021319687366,-0.00030517578125,0.23395947326598884
1.6789999999999998,0.0465022809803485,0.0,0.23406971212725924
1.6795,0.0465020313858985,-0.00030517578125,0.23388039412478492
1.6800000000000002,0.0465019308030605,0.0,0.2338083899724596
1.6805,0.0465020276606082,0.0,0.23388484214342944
1.681,0.0465023405849933,0.0006103515625,0.23411900542118946
1.6815000000000002,0.04650205001235,-0.0006103515625,0.23389776913601196
1.682,0.0465019941329956,0.00030517578125,0.23385785639674864
1.6825,0.0465022474527359,0.0006103515625,0.23404851975196292
1.6829999999999998,0.0465020537376403,0.0006103515625,0.23390119733543455
1.6835,0.0465020462870597,0.00030517578125,0.23389658186626147
1.6840000000000002,0.0465021394193172,0.00030517578125,0.23396674047212276
1.6845,0.04650205001235,0.0006103515625,0.23389935757134422
1.685,0.0465018488466739,0.00030517578125,0.23375232082781497
1.6855000000000002,0.0465019084513187,0.00030517578125,0.23380389039541444
1.686,0.0465021841228008,0.00030517578125,0.23401314114305274
1.6865,0.046501986682415,0.0006103515625,0.2338640086803498
1.6869999999999998,0.0465020090341568,0.00030517578125,0.23388325204405877
1.6875,0.0465020611882209,0.00030517578125,0.23392337291087448
1.6880000000000002,0.046502374112606,0.00091552734375,0.23415663007601975
1.6885,0.0465020947158336,0.0,0.23394263919637265
1.689,0.0465019233524799,0.00030517578125,0.23381546974973813
1.6894999999999998,0.046501874923706,0.00030517578125,0.2337845746675771
1.69,0.0465020686388015,0.0,0.2339338328049422
1.6905,0.0465021543204784,0.00030517578125,0.2339974114094922
1.6909999999999998,0.0465018972754478,0.00030517578125,0.23380475038471862
1.6915,0.04650205001235,0.0006103515625,0.23392290830711224
1.6920000000000002,0.0465019978582859,0.00030517578125,0.2338843367428523
1.6925,0.0465021282434463,0.00030517578125,0.23398254715443365
1.693,0.0465021431446075,0.00030517578125,0.23399215547127786
1.6934999999999998,0.0465023480355739,0.0006103515625,0.23414342298613966
1.694,0.0465021021664142,0.00030517578125,0.23395473203218783
1.6945,0.0465020984411239,0.0006103515625,0.23395116445554023
1.6949999999999998,0.0465020909905433,0.00030517578125,0.2339449044989861
1.6955,0.0465019568800926,0.0006103515625,0.2338442937894828
1.6960000000000002,0.0465023294091224,0.00030517578125,0.23412389448340531
1.6965,0.0465020760893821,0.00030517578125,0.23393012025489165
1.697,0.0465020015835762,0.0,0.23387488208441234
1.6974999999999998,0.0465021319687366,0.00030517578125,0.23397353837890733
1.698,0.0465021356940269,0.00030517578125,0.2339750541076015
1.6985,0.0465021394193172,0.0,0.23397661508779666
1.6989999999999998,0.0465017929673194,0.0,0.23371882416541512
1.6995,0.0465022027492523,0.00030517578125,0.2340312340137642
1.7000000000000002,0.0465020425617694,0.0,0.23390916299845238
1.7005,0.0465020462870597,-0.0006103515625,0.23391256082696749
1.701,0.0465019829571247,0.00030517578125,0.23386633268222787
1.7014999999999998,0.0465020164847373,-0.00030517578125,0.23389367284675489
1.702,0.0465019941329956,0.0,0.23387849401688046
1.7025,0.0465019568800926,-0.0006103515625,0.23385268270548798
1.7029999999999998,0.0465021729469299,0.0,0.23401572997459938
1.7035,0.0465018190443515,-0.00030517578125,0.23375047692011103
1.7040000000000002,0.0465018525719642,-0.00030517578125,0.2337833204042412
1.7045,0.0465020537376403,0.0,0.2339381223525068
1.705,0.0465021952986717,0.0,0.23404315627777048
1.7054999999999998,0.0465018972754478,-0.0006103515625,0.23381828294477838
1.706,0.0465020760893821,-0.00030517578125,0.23395512762417942
1.7065,0.0465022213757038,0.0,0.2340626967709821
1.707,0.0465019270777702,-0.00030517578125,0.2338403886402041
1.7075,0.0465021431446075,-0.00030517578125,0.2340038588983487
1.7080000000000002,0.0465023107826709,0.0,0.23412679416805707
1.7085,0.0465019643306732,-0.00030517578125,0.23386376814911564
1.709,0.0465019457042217,0.0,0.2338527917773552
1.7094999999999998,0.0465020686388015,-0.00030517578125,0.2339467760909837
1.71,0.0465020462870597,0.00030517578125,0.23392943877331954
1.7105,0.0465022251009941,0.00030517578125,0.23406264142569716
1.711,0.046502124518156,-0.00030517578125,0.23398420333665423
1.7115,0.0465022474527359,0.0,0.23407447763029013
1.7120000000000002,0.0465020537376403,0.00030517578125,0.23392634490349917
1.7125,0.0465020760893821,-0.00030517578125,0.23394273617179173
1.713,0.0465023629367351,0.0006103515625,0.23415608380995864
1.7134999999999998,0.046501949429512,0.00030517578125,0.23384241144528603
1.714,0.0465020015835762,0.0,0.2338846433967067
1.7145,0.0465019457042217,0.00030517578125,0.23384504867684425
1.715,0.0465020462870597,0.0006103515625,0.23392274875278896
1.7155,0.0465020537376403,0.0,0.23392825891158742
1.7160000000000002,0.0465020425617694,0.0,0.23391974875286195
1.7165,0.0465021803975105,0.00030517578125,0.23402257828407275
1.717,0.0465021766722202,-0.00030517578125,0.2340173356079517
1.7174999999999998,0.0465018562972545,-0.00030517578125,0.23377678067517615
1.718,0.0465019978582859,0.00030517578125,0.23388795566793938
1.7185,0.0465020760893821,0.00030517578125,0.23394723301441558
1.719,0.046502262353897,-0.0006103515625,0.23408544669609208
1.7195,0.0465019643306732,0.0,0.233859168150831
1.7200000000000002,0.046502199023962,0.00030517578125,0.23403583002681924
1.7205,0.0465022698044776,0.00030517578125,0.23408590360353562
1.721,0.0465018823742866,0.00030517578125,0.23379398245217445
1.7214999999999998,0.0465020388364791,0.0,0.23391552816126787
1.722,0.0465018525719642,0.0,0.23377852218898543
1.7225,0.0465018823742866,0.00030517578125,0.23380685896697836
1.723,0.0465021170675754,0.0006103515625,0.23398552017055418
1.7235,0.0465021319687366,0.00030517578125,0.2339950897509462
1.7240000000000002,0.046501986682415,0.00091552734375,0.23388521315896976
1.7245,0.0465019680559635,0.0006103515625,0.23387272414987167
1.725,0.0465022139251232,0.0006103515625,0.2340571374537757
1.7254999999999998,0.0465021431446075,0.0006103515625,0.2340010380438136
1.726,0.0465018972754478,0.0,0.23381653158869045
1.7265,0.0465020835399627,0.0,0.23395890983791842
1.727,0.0465022176504135,0.0,0.23405791315698124
1.7275,0.0465024523437023,0.00030517578125,0.234229866848412
1.7280000000000002,0.0465019457042217,0.00030517578125,0.23384515336680337
1.7285,0.0465020015835762,0.0006103515625,0.2338899311746835
1.729,0.0465019904077053,-0.00030517578125,0.23388312918126825
1.7294999999999998,0.0465020984411239,0.00091552734375,0.23396475669058625
1.73,0.0465021878480911,0.00030517578125,0.23403032993996703
1.7305,0.0465022325515747,0.0,0.23406113492992506
1.731,0.0465020611882209,0.00030517578125,0.23393000640199366
1.7315,0.0465019680559635,0.0,0.23386091386859878
1.7320000000000002,0.0465019606053829,0.0,0.23385828537089715
1.7325,0.0465017668902874,-0.00030517578125,0.2337178782555528
1.733,0.046502161771059,-0.00030517578125,0.23401903692681325
1.7334999999999998,0.0465022511780262,0.00030517578125,0.23408345901165123
1.734,0.0465020462870597,-0.00030517578125,0.23392676887131084
1.7345000000000002,0.0465018674731254,-0.00030517578125,0.2337946060904664
1.735,0.0465018786489963,-0.00030517578125,0.23380881609814844
1.7355,0.0465022884309291,0.0,0.23411732861807064
1.7360000000000002,0.046502336859703,-0.00030517578125,0.23414861131692605
1.7365,0.0465022474527359,-0.00030517578125,0.23407650547459724
1.737,0.0465020760893821,-0.00030517578125,0.23394501760427705
1.7374999999999998,0.0465019308030605,-0.0006103515625,0.23383665704635614
1.738,0.0465020090341568,0.0,0.23389829223132602
1.7385000000000002,0.0465022437274456,-0.0006103515625,0.23407389418285576
1.739,0.046502199023962,0.0,0.23403683999053135
1.7395,0.0465019755065441,0.0,0.23386722386129297
1.7400000000000002,0.0465022325515747,-0.0006103515625,0.2340601724441184
1.7405,0.0465023592114448,0.0,0.23415146179893745
1.741,0.0465020202100276,-0.00030517578125,0.23389335169726105
1.7414999999999998,0.04650205001235,-0.00030517578125,0.23391653280373442
1.742,0.046502236276865,-0.00030517578125,0.2340555058639238
1.7425000000000002,0.0465023443102836,-0.00091552734375,0.23413303143836176
1.743,0.0465020686388015,0.00030517578125,0.23392241433347852
1.7435,0.0465023405849933,-0.00030517578125,0.23412530901515421
1.7440000000000002,0.0465018823742866,-0.00030517578125,0.23377977206930092
1.7445,0.0465021170675754,0.00030517578125,0.23395976717947062
1.745,0.0465021021664142,0.0006103515625,0.23394768939833513
1.7454999999999998,0.0465021543204784,0.0,0.2339859031889356
1.746,0.0465023033320903,-0.00030517578125,0.23409547467374692
1.7465000000000002,0.0465022809803485,0.0006103515625,0.23407463263094488
1.747,0.0465023145079612,0.00030517578125,0.23409599525509067
1.7475,0.0465019978582859,0.0,0.2338560057988569
1.7480000000000002,0.0465020537376403,0.0,0.23390042498363148
1.7485,0.0465020611882209,-0.00030517578125,0.2339070751342346
1.749,0.0465019792318344,-0.00030517578125,0.23384744766735402
1.7494999999999998,0.0465020835399627,0.00030517578125,0.2339278678429755
1.75,0.0465022400021553,0.00030517578125,0.23404435891194048
1.7505000000000002,0.0465020984411239,0.0006103515625,0.23393583384085215
1.751,0.0465021543204784,0.0,0.23397721088488285
1.7515,0.0465021058917045,0.0,0.23393978951622563
1.7519999999999998,0.0465021207928657,0.0006103515625,0.2339505101216043
1.7525,0.0465020798146724,0.0,0.23391939926841532
1.753,0.0465020015835762,0.00091552734375,0.2338619560700114
1.7534999999999998,0.0465022511780262,0.00091552734375,0.23404956736701085
1.754,0.0465018078684806,0.0,0.23371744836602834
1.7545000000000002,0.0465021654963493,0.0006103515625,0.23399122641252823
1.755,0.0465021431446075,0.0,0.2339728188175326
1.7555,0.0465020686388015,0.00091552734375,0.23391598278177783
1.7559999999999998,0.0465022064745426,0.00030517578125,0.23401891714023249
1.7565,0.0465021803975105,0.0006103515625,0.23399712886687216
1.757,0.0465022549033165,0.00030517578125,0.2340509111885814
1.7574999999999998,0.046502236276865,0.0006103515625,0.23403400123538956
1.758,0.0465021543204784,0.0006103515625,0.2339702551885834
1.7585000000000002,0.0465017147362232,-0.00030517578125,0.2336434748558904
1.759,0.0465021468698978,0.00030517578125,0.23397548364441043
1.7595,0.0465021207928657,0.00030517578125,0.23395474071369188
1.7599999999999998,0.0465021841228008,0.0,0.23400119663123597
1.7605,0.0465020202100276,0.0006103515625,0.2338774048278913
1.761,0.0465019531548023,0.00030517578125,0.23383020027275642
1.7614999999999998,0.0465021729469299,0.0,0.23399708182406412
1.762,0.046502124518156,0.00030517578125,0.23395914544404553
1.7625000000000002,0.0465024039149284,0.0,0.23416672642088462
1.763,0.0465017966926097,0.00030517578125,0.23370961572382262
1.7635,0.0465020462870597,-0.0006103515625,0.23390343402871544
1.7639999999999998,0.0465023443102836,0.00030517578125,0.2341259910974753
1.7645,0.0465021282434463,0.0,0.23395988928052056
1.765,0.0465022213757038,0.0,0.23402847656511333
1.7654999999999998,0.0465020425617694,0.00030517578125,0.23389291208098864
1.766,0.0465018935501575,0.00030517578125,0.233784611527089
1.7665000000000002,0.0465020202100276,-0.00030517578125,0.23388421181004762
1.767,0.0465021915733814,0.00030517578125,0.234012824360553
1.7675,0.0465019941329956,0.0,0.23386370595765554
1.7679999999999998,0.0465020276606082,-0.00030517578125,0.23389122651895028
1.7685,0.0465020760893821,0.0,0.2339284366045975
1.769,0.0465020388364791,-0.00030517578125,0.2339006752459145
1.7695,0.046502124518156,0.0,0.23396512104390546
1.77,0.0465020239353179,-0.0006103515625,0.23388931822818854
1.7705000000000002,0.0465021580457687,-0.00030517578125,0.23399017259583285
1.771,0.0465020239353179,-0.0006103515625,0.23388877155402565
1.7715,0.0465020835399627,-0.0006103515625,0.23393435878054722
1.7719999999999998,0.0465020313858985,-0.0006103515625,0.23389535199684258
1.7725,0.0465020015835762,-0.00030517578125,0.23387432907530198
1.773,0.0465021841228008,0.0,0.23401167563470013
1.7735,0.0465020984411239,0.0,0.23394580488792227
1.774,0.0465017929673194,0.0,0.23371968256199988
1.7745000000000002,0.0465019792318344,0.00030517578125,0.23386610625533116
1.775,0.0465022251009941,0.0,0.23405065422908664
1.7755,0.046502374112606,-0.00030517578125,0.23415885020242505
1.7759999999999998,0.0465021170675754,-0.00030517578125,0.23396146959413594
1.7765,0.0465021915733814,-0.00030517578125,0.23401610734969744
1.777,0.0465021729469299,-0.00030517578125,0.23399995681927466
1.7775,0.0465020909905433,0.0,0.23393693359158804
1.778,0.0465021654963493,0.0,0.23399214577520427
1.7785000000000002,0.0465020760893821,-0.00030517578125,0.23392375305880253
1.779,0.046502161771059,-0.00030517578125,0.23398761676930818
1.7795,0.0465021319687366,-0.00030517578125,0.23396384836222367
1.7799999999999998,0.0465021058917045,0.0,0.23394343363308026
1.7805,0.0465023219585418,0.0,0.23410412431460934
1.781,0.0465018525719642,0.00030517578125,0.2337510053437255
1.7815,0.0465021654963493,0.0,0.23399020678037347
1.782,0.0465022101998329,0.00030517578125,0.23402183281533653
1.7825000000000002,0.0465019941329956,0.0,0.23385864502487327
1.783,0.0465020313858985,0.00030517578125,0.23388917811858345
1.7835,0.0465019792318344,0.00030517578125,0.23385173222846628
1.7839999999999998,0.0465023145079612,0.0,0.234103371331698
1.7845,0.0465018562972545,0.00030517578125,0.23375818045310887
1.785,0.0465019196271896,0.00030517578125,0.23381271365767436
1.7855,0.0465021356940269,0.0006103515625,0.2339774865966943
1.786,0.0465021654963493,0.00030517578125,0.23399831638840096
1.7865000000000002,0.0465020537376403,0.0,0.2339130841950976
1.787,0.0465021543204784,0.0,0.23398830132847787
1.7875,0.0465022921562194,0.00030517578125,0.23408957247826895
1.7879999999999998,0.0465022176504135,-0.00030517578125,0.2340299828888573
1.7885,0.0465020649135112,0.0,0.2339133856634713
1.789,0.0465022772550582,0.00030517578125,0.2340719483308745
1.7895,0.0465022735297679,0.00030517578125,0.23406560803680765
1.79,0.046501912176609,0.0,0.23379369808843845
1.7905000000000002,0.0465022139251232,0.0,0.2340229014030977
1.791,0.0465021654963493,0.0006103515625,0.23398433216533468
1.7915,0.0465020164847373,0.0,0.2338714878519422
1.7919999999999998,0.046502511948347,0.0,0.23424218107163594
1.7925,0.0465023145079612,0.00091552734375,0.2340873036260944
1.793,0.0465021096169948,0.00030517578125,0.233930668224754
1.7935,0.046501986682415,0.0006103515625,0.23383918858802674
1.794,0.0465023033320903,0.0006103515625,0.23407756736506835
1.7945000000000002,0.0465021543204784,0.0,0.2339627572148496
1.795,0.046502124518156,0.00030517578125,0.2339396494644825
1.7955,0.0465019159018993,0.0006103515625,0.2337845726337429
1.7959999999999998,0.0465022735297679,0.00030517578125,0.23405558814017718
1.7965,0.046502161771059,-0.00030517578125,0.23396905993324701
1.7970000000000002,0.0465020015835762,0.0,0.23384910365147912
1.7975,0.046502087265253,0.00030517578125,0.2339158684503614
1.798,0.0465020462870597,0.00030517578125,0.2338860404340207
1.7985000000000002,0.046502087265253,0.0,0.23391805766163204
1.799,0.0465020760893821,-0.00030517578125,0.233910086614269
1.7995,0.0465020462870597,0.00030517578125,0.23388885452199226
1.7999999999999998,0.0465019531548023,0.00030517578125,0.23382190482408724
1.8005,0.0465020611882209,0.0,0.23390607797459537
1.8010000000000002,0.0465024076402187,0.0,0.234164757009785
1.8015,0.0465021952986717,-0.00030517578125,0.23400048692557257
1.802,0.0465023256838321,0.0,0.23409590387316426
1.8025,0.0465021952986717,-0.00030517578125,0.23399439447597117
1.803,0.0465024448931217,0.0006103515625,0.23417885013755363
1.8035,0.0465020351111888,0.0,0.2338675709836024
1.804,0.0465018823742866,0.00030517578125,0.23375786354587683
1.8045,0.0465021282434463,0.0006103515625,0.23394712368992263
1.805,0.04650205001235,0.0,0.23388841633746896
1.8055,0.0465019717812538,0.0,0.23383224544990835
1.806,0.0465021133422851,0.00030517578125,0.2339409939696581
1.8065,0.0465022176504135,0.00030517578125,0.23401843513246628
1.807,0.0465020760893821,-0.00030517578125,0.23391070214506327
1.8075,0.0465021952986717,-0.0006103515625,0.23399993817916417
1.808,0.0465021729469299,-0.00030517578125,0.2339814333872844
1.8085,0.0465021133422851,0.00030517578125,0.2339356019130497
1.809,0.0465020760893821,0.00030517578125,0.23390767682682306
1.8095,0.0465021394193172,-0.00030517578125,0.2339553306048025
1.81,0.0465020611882209,-0.00030517578125,0.23389643990219394
1.8105,0.0465020127594471,0.0006103515625,0.23386160848710338
1.811,0.046502262353897,0.0,0.23404929771448577
1.8115,0.0465019680559635,-0.00030517578125,0.2338272560519538
1.812,0.0465020649135112,-0.0006103515625,0.23390324835684137
1.8125,0.0465023070573806,0.0,0.23408445272478762
1.813,0.0465020798146724,0.00030517578125,0.23391122584000174
1.8135,0.0465020760893821,-0.00030517578125,0.23390910388832284
1.814,0.0465020537376403,-0.00030517578125,0.23389334221415342
1.8145,0.0465022660791873,0.00030517578125,0.23405246562211413
1.815,0.046501949429512,0.00030517578125,0.23381404072867792
1.8155,0.0465018451213836,0.00091552734375,0.2337421369169594
1.816,0.0465020351111888,0.00030517578125,0.23389066914440673
1.8165,0.0465021766722202,0.00030517578125,0.2339969532331345
1.817,0.0465022996068,-0.00030517578125,0.23408681415540744
1.8175,0.0465022325515747,-0.00030517578125,0.2340328104889062
1.818,0.0465023405849933,0.00030517578125,0.23411075316054347
1.8185,0.0465020611882209,-0.00030517578125,0.23389779306033578
1.819,0.0465022101998329,-0.00030517578125,0.23400955156701586
1.8195,0.0465018339455127,0.00030517578125,0.23372777424719837
1.82,0.0465021170675754,-0.00030517578125,0.23394585411822444
1.8205,0.0465020276606082,0.0,0.23387841866278997
1.821,0.0465024635195732,0.00030517578125,0.2342044881141494
1.8215,0.0465021356940269,0.0,0.23395319399542583
1.822,0.0465021170675754,0.0,0.2339386682981372
1.8225,0.0465020425617694,0.0,0.23388268085768665
1.823,0.0465022884309291,0.0006103515625,0.23406698374841486
1.8235,0.0465021766722202,0.0,0.23398014978150733
1.824,0.0465019196271896,0.00030517578125,0.23378815598934888
1.8245,0.0465023145079612,-0.00030517578125,0.234086763441977
1.825,0.0465021729469299,0.00030517578125,0.23397723618300068
1.8255,0.0465024150907993,0.00030517578125,0.23415674650053656
1.826,0.0465021468698978,0.0,0.23395114400960945
1.8265,0.0465024411678314,0.0,0.2341701959383936
1.827,0.0465021766722202,0.00030517578125,0.2339670440574707
1.8275,0.0465020388364791,0.0,0.23386358553974756
1.828,0.0465020611882209,-0.00030517578125,0.23388302260898822
1.8285,0.0465021021664142,0.0,0.23391532023253492
1.829,0.0465020164847373,0.00030517578125,0.23385264741536912
1.8295,0.0465018972754478,0.00030517578125,0.23376789443846535
1.83,0.0465021356940269,0.0,0.23395113368354592
1.8305,0.0465018115937709,0.00030517578125,0.23371067144799143
1.831,0.04650205001235,0.0,0.23389644577212812
1.8315,0.0465022139251232,0.00030517578125,0.23401939522041265
1.832,0.0465021096169948,0.00030517578125,0.23393930362113874
1.8325,0.0465019606053829,0.00030517578125,0.23382865227555955
1.833,0.0465019904077053,0.0,0.233855123005698
1.8335,0.0465022101998329,0.00030517578125,0.23402094578809085
1.834,0.046502236276865,0.0,0.2340379993013724
1.8345,0.0465023666620254,0.00030517578125,0.23413261400170043
1.835,0.0465020015835762,0.00030517578125,0.23385585189997685
1.8355,0.0465022251009941,0.0,0.234024495233105
1.836,0.0465021394193172,0.00030517578125,0.23395815911086318
1.8365,0.046502262353897,0.0,0.23404904125377646
1.837,0.0465022511780262,0.0,0.23403769069350674
1.8375,0.0465023443102836,-0.00030517578125,0.23410453622568947
1.838,0.0465021729469299,0.0006103515625,0.23397243635997428
1.8385,0.046502374112606,-0.0006103515625,0.2341213695216215
1.839,0.0465023517608642,-0.00030517578125,0.2340999514862282
1.8395,0.0465019978582859,0.0,0.23383161779813239
1.84,0.0465024188160896,0.0006103515625,0.234147801501843
1.8405,0.0465019941329956,-0.00030517578125,0.2338262537730894
1.841,0.0465020239353179,0.00030517578125,0.23385300570710335
1.8415,0.0465022921562194,-0.00030517578125,0.2340549947322487
1.842,0.0465020202100276,0.0,0.2338496215599011
1.8425,0.0465023182332515,-0.00030517578125,0.23407390320626953
1.843,0.0465020798146724,0.0,0.23389277049248638
1.8435,0.0465022772550582,0.0,0.23404085121680956
1.844,0.0465022176504135,0.0,0.23399362223698256
1.8445,0.0465024709701538,-0.00030517578125,0.23418107161510987
1.845,0.0465022958815097,-0.00030517578125,0.2340443428722395
1.8455,0.0465022586286067,0.0,0.2340137094275153
1.846,0.0465019643306732,0.00030517578125,0.23379316706105233
1.8465,0.0465020686388015,0.0,0.23387596690763746
1.847,0.0465023182332515,0.0006103515625,0.2340631974145686
1.8475,0.0465023927390575,0.0,0.2341155212473011
1.848,0.0465023554861545,0.0,0.2340832000042836
1.8485,0.0465020090341568,-0.00030517578125,0.23382129737863125
1.849,0.046502262353897,0.00030517578125,0.2340136029631081
1.8495,0.0465022996068,0.0,0.23403939240467092
1.85,0.0465021356940269,-0.00030517578125,0.23391459137189
1.8505,0.0465020574629306,0.0006103515625,0.23385747721508407
1.851,0.0465020984411239,0.0,0.23389099213579817
1.8515,0.046502336859703,0.0,0.23406972798755551
1.852,0.0465020313858985,-0.00030517578125,0.23383913906896042
1.8525,0.0465022884309291,0.0,0.23403332737477328
1.853,0.0465025305747985,0.00030517578125,0.23421129463013513
1.8535,0.0465021878480911,0.0006103515625,0.23394872936230107
1.854,0.0465023405849933,0.00030517578125,0.23406216951472433
1.8545,0.0465020835399627,0.00030517578125,0.23386753340808972
1.855,0.0465021394193172,0.0,0.23391162605544036
1.8555,0.0465021282434463,0.0,0.2339040872426214
1.856,0.0465021803975105,0.0006103515625,0.2339437478212409
1.8565,0.0465021282434463,0.0,0.23390432752771095
1.857,0.0465024188160896,0.0,0.2341215464361139
1.8575,0.0465024411678314,0.00030517578125,0.23413366815096537
1.858,0.0465022660791873,0.0,0.23399819328335247
1.8585,0.0465023033320903,0.00030517578125,0.2340242661512217
1.859,0.0465019270777702,0.0,0.2337427844158391
1.8595,0.046502199023962,-0.00030517578125,0.23395233869973792
1.86,0.0465019382536411,0.00030517578125,0.2337590399890291
1.8605,0.0465021915733814,0.0,0.2339537654619878
1.861,0.0465025454759597,0.0,0.23421695538090107
1.8615,0.0465023033320903,0.00030517578125,0.2340293669546514
1.862,0.0465022884309291,0.00030517578125,0.2340158882726781
1.8625,0.0465021878480911,-0.00030517578125,0.2339387892722601
1.863,0.0465021692216396,0.0,0.2339247156728954
1.8635,0.046502262353897,-0.00030517578125,0.2339943195260274
1.864,0.0465021878480911,0.0006103515625,0.23393719763337512
1.8645,0.0465021766722202,-0.00030517578125,0.23392851834877149
1.865,0.0465024746954441,0.0006103515625,0.2341507414774643
1.8655,0.0465019904077053,0.0,0.2337851190641578
1.866,0.0465019270777702,0.00030517578125,0.23374542103441664
1.8665,0.0465020388364791,0.00030517578125,0.2338363980876116
1.867,0.0465020984411239,0.0,0.2338845880879608
1.8675,0.046502199023962,0.0,0.2339609673322879
1.868,0.0465020313858985,0.0,0.23383586453748104
1.8685,0.0465022735297679,0.00091552734375,0.2340192710161149
1.869,0.0465020276606082,-0.00030517578125,0.23383436599679347
1.8695,0.0465020798146724,0.00030517578125,0.23387717637451869
1.87,0.0465021133422851,0.0,0.2339042215754267
1.8705,0.046502161771059,0.00030517578125,0.23394109895815607
1.871,0.0465020723640918,0.00030517578125,0.23387454631436247
1.8715,0.0465019531548023,-0.00030517578125,0.23378857823434301
1.872,0.0465023107826709,0.0,0.23405949190683725
1.8725,0.0465020425617694,-0.00030517578125,0.2338565717491341
1.873,0.0465021207928657,-0.00030517578125,0.2339175638035925
1.8735,0.0465022586286067,0.0006103515625,0.23402057473137391
1.874,0.0465019941329956,0.0,0.2338218314497474
1.8745,0.0465021356940269,0.00030517578125,0.2339311657977669
1.875,0.0465021207928657,0.00030517578125,0.2339199300971774
1.8755,0.0465022996068,0.00030517578125,0.23405348211329846
1.876,0.0465020164847373,0.0,0.23383992193285771
1.8765,0.0465019419789314,0.00030517578125,0.23378916282142534
1.877,0.0465018451213836,-0.00030517578125,0.23372430932263163
1.8775,0.0465019270777702,0.0,0.23379406817697077
1.878,0.04650205001235,0.0,0.23389073592571885
1.8785,0.0465023145079612,0.00030517578125,0.23408881236491036
1.879,0.0465018674731254,0.0,0.23375273453697792
1.8795,0.0465020202100276,0.0,0.2338734239541556
1.88,0.0465020090341568,0.00030517578125,0.23386750332024972
1.8805,0.0465022213757038,-0.00030517578125,0.23402731296418175
1.881,0.0465019568800926,0.0006103515625,0.23382825009099437
1.8815,0.0465021915733814,0.00030517578125,0.23400625657594146
1.882,0.0465021952986717,0.0,0.23400698801191963
1.8825,0.0465021394193172,0.00030517578125,0.2339632795720385
1.883,0.0465021878480911,-0.0006103515625,0.2339984395118884
1.8835,0.0465020276606082,0.0,0.23387750315676062
1.884,0.0465019643306732,0.0,0.23383306215926214
1.8845,0.0465020425617694,0.0,0.233894730604457
1.885,0.0465022474527359,-0.00030517578125,0.23404811864084432
1.8855,0.0465023294091224,0.0006103515625,0.23410635915372682
1.886,0.0465020388364791,0.0006103515625,0.23388557731248832
1.8865,0.0465021431446075,0.00030517578125,0.23396448705292733
1.887,0.0465022027492523,0.00030517578125,0.23400792367828369
1.8875,0.0465022101998329,0.0006103515625,0.23401141793576183
1.888,0.0465018786489963,0.0006103515625,0.23376326393299235
1.8885,0.0465023666620254,-0.00030517578125,0.23413196694499208
1.889,0.0465022176504135,0.00030517578125,0.2340157548221941
1.8895,0.0465020462870597,0.0,0.23388590290643685
1.89,0.0465021021664142,-0.00030517578125,0.23392894587885157
1.8905,0.0465021133422851,-0.00030517578125,0.23393713444653613
1.891,0.0465021654963493,-0.00030517578125,0.23397569876856594
1.8915,0.0465021058917045,-0.00030517578125,0.233930005258201
1.892,0.0465020835399627,0.00030517578125,0.23391328345667883
1.8925,0.046501986682415,0.0006103515625,0.23384230881661922
1.893,0.04650205001235,-0.00030517578125,0.23389284104185096
1.8935,0.0465022958815097,0.00030517578125,0.23407703991534556
1.894,0.0465021543204784,-0.00030517578125,0.23396777834188798
1.8945,0.0465021468698978,0.00030517578125,0.23396114569516552
1.895,0.0465022027492523,0.0,0.23400192183790783
1.8955,0.0465024225413799,0.00030517578125,0.2341641419173695
1.896,0.0465020090341568,0.00030517578125,0.23385055847996303
1.8965,0.04650205001235,0.00030517578125,0.23388421807915982
1.897,0.0465020984411239,0.0,0.23392178588653037
1.8975,0.0465021543204784,-0.00030517578125,0.2339634944247214
1.898,0.0465022101998329,0.0,0.2340042077519454
1.8985,0.0465019233524799,0.0,0.23378874459989116
1.899,0.0465022101998329,0.00030517578125,0.2340071140290026
1.8995,0.0465021505951881,-0.00030517578125,0.23396066981352773
1.9,0.0465021580457687,0.0,0.2339653675354587
1.9005,0.0465022958815097,0.00030517578125,0.23406722456110532
1.901,0.0465022549033165,0.0006103515625,0.2340332282542398
1.9015,0.0465020798146724,0.00030517578125,0.2338999309259042
1.902,0.0465023070573806,0.0006103515625,0.2340699800239778
1.9025,0.046502124518156,0.0006103515625,0.23393051289984723
1.903,0.0465019457042217,0.0,0.23379857094159195
1.9035,0.0465020053088665,-0.00030517578125,0.23384824142630373
1.904,0.0465021729469299,0.00030517578125,0.2339756692237583
1.9045,0.0465021692216396,0.00030517578125,0.2339716762019315
1.905,0.0465021543204784,0.0,0.23395944458507434
1.9055,0.0465024374425411,0.0,0.23416996002853235
1.906,0.0465021654963493,0.00030517578125,0.2339612564809309
1.9065,0.0465020537376403,0.00030517578125,0.2338774638186248
1.907,0.0465019159018993,0.0,0.23377823186476673
1.9075,0.0465022921562194,0.00030517578125,0.2340633737785493
1.908,0.0465023145079612,0.00030517578125,0.23407663001014067
1.9085,0.0465020202100276,-0.00030517578125,0.2338538926001746
1.909,0.0465020313858985,0.00030517578125,0.23386556105652626
1.9095,0.0465023145079612,0.00030517578125,0.23407809015891315
1.91,0.0465024262666702,-0.00030517578125,0.2341577004820175
1.9105,0.04650205001235,0.0,0.2338715936258653
1.911,0.0465021766722202,0.0,0.2339678210276762
1.9115,0.0465020574629306,0.00030517578125,0.23387833755408666
1.912,0.0465018972754478,0.0,0.23376260360375065
1.9125,0.0465022735297679,0.00030517578125,0.23404846561978765
1.913,0.046502161771059,0.0,0.2339620914099889
1.9135,0.0465018600225448,0.0,0.23373711041124132
1.914,0.0465023517608642,0.00030517578125,0.23410958465289308
1.9145,0.046502124518156,0.0,0.23393565017575516
1.915,0.0465020611882209,0.0,0.23388850899306235
1.9155,0.0465021654963493,0.00030517578125,0.23396737340244525
1.916,0.0465021803975105,0.0,0.2339774421308329
1.9165,0.0465020388364791,0.00030517578125,0.23387074426809074
1.917,0.0465021580457687,0.0,0.23396141033786233
1.9175,0.0465021058917045,0.00030517578125,0.2339215945377401
1.918,0.0465021915733814,0.0,0.2339855574792074
1.9185,0.0465021952986717,0.0,0.23398681347493483
1.919,0.046502336859703,0.00030517578125,0.23409088165960393
1.9195,0.0465020164847373,0.00030517578125,0.2338481973622054
1.92,0.0465021654963493,-0.00030517578125,0.23396194423737993
1.9205,0.0465021468698978,-0.00030517578125,0.2339471995847082
1.921,0.0465020053088665,0.00030517578125,0.23384187186447136
1.9215,0.0465021058917045,-0.00030517578125,0.23392006604002272
1.922,0.0465020090341568,-0.00030517578125,0.23384891261317772
1.9225,0.0465022847056388,0.00030517578125,0.234056528108084
1.923,0.0465022958815097,0.00030517578125,0.23406165268438534
1.9235,0.0465021021664142,0.0,0.2339139956384986
1.924,0.0465020686388015,0.00030517578125,0.23388986641244586
1.9245,0.0465020611882209,0.0,0.2338858093481588
1.925,0.046502199023962,0.0,0.23398964599204475
1.9255,0.0465022325515747,0.0,0.23401306334959004
1.926,0.0465023219585418,0.00030517578125,0.2340776164088884
1.9265,0.0465021543204784,-0.00030517578125,0.23394887344006793
1.927,0.046502262353897,0.0006103515625,0.2340288923657921
1.9275,0.0465020686388015,0.0006103515625,0.23388195740697895
1.928,0.0465022139251232,0.00030517578125,0.2339915567409073
1.9285,0.0465019568800926,0.0,0.23379849179465448
1.929,0.0465022958815097,0.0,0.23405520639851743
1.9295,0.0465022772550582,0.0,0.23403826579118964
1.93,0.046502087265253,-0.0006103515625,0.233894155714919
1.9305,0.0465023107826709,-0.00030517578125,0.23406171584931187
1.931,0.0465021096169948,-0.0006103515625,0.2339085755117965
1.9315,0.0465021207928657,0.0,0.23391773358158977
1.932,0.0465020425617694,0.00030517578125,0.23386050287279486
1.9325,0.0465021021664142,0.00030517578125,0.23390734279433553
1.933,0.0465022958815097,0.00030517578125,0.23405218148313667
1.9335,0.046502199023962,0.00030517578125,0.23397687635226289
1.934,0.046501986682415,0.0,0.2338181247460663
1.9345,0.0465022921562194,-0.00030517578125,0.23404925862950932
1.935,0.0465021394193172,0.00030517578125,0.23393237184050206
1.9355,0.0465020388364791,-0.0006103515625,0.2338578205732823
1.936,0.0465021282434463,-0.00030517578125,0.23392694918517573
1.9365,0.0465021729469299,-0.00030517578125,0.2339601783787656
1.937,0.0465023443102836,0.0006103515625,0.23408711978838218
1.9375,0.0465022958815097,0.0006103515625,0.23404710569762244
1.938,0.046501912176609,0.0,0.233759333505283
1.9385,0.0465020276606082,0.00030517578125,0.23385253654203522
1.939,0.0465018488466739,0.0,0.2337242648454709
1.9395,0.046502262353897,0.0,0.23403929538224452
1.94,0.0465019680559635,0.0,0.23381778819038268
1.9405,0.0465020239353179,-0.00030517578125,0.23386399106577355
1.941,0.0465020686388015,0.0,0.23389976504628923
1.9415,0.0465020202100276,0.00030517578125,0.2338650681858546
1.942,0.0465021282434463,0.0,0.2339476171201167
1.9425,0.0465023219585418,0.0,0.23409164620467335
1.943,0.0465020649135112,0.00030517578125,0.23389615037357508
1.9435,0.0465021058917045,-0.0006103515625,0.2339276752678418
1.944,0.0465021878480911,0.0,0.23398868032466025
1.9445,0.0465020611882209,0.0,0.23389269359184944
1.945,0.046502161771059,0.0006103515625,0.23396862178401792
1.9455,0.0465020686388015,0.0,0.23389818196138282
1.946,0.0465021207928657,0.00030517578125,0.23393795756421795
1.9465,0.0465020425617694,0.00030517578125,0.233879653027277
1.947,0.0465020202100276,-0.00030517578125,0.23386531780499017
1.9475,0.0465019159018993,0.00030517578125,0.2337909274582136
1.948,0.0465021282434463,0.0,0.23395385306570798
1.9485,0.0465021729469299,0.0,0.23398644793803045
1.949,0.0465022139251232,0.0006103515625,0.23401548741797398
1.9495,0.0465024150907993,-0.00030517578125,0.23416345005754127
1.95,0.0465022400021553,0.0,0.2340271035013017
1.9505,0.0465019568800926,0.00030517578125,0.23381400221182255
1.951,0.0465020760893821,-0.0006103515625,0.23390711435823003
1.9515,0.0465021431446075,0.0,0.233957491646958
1.952,0.0465022660791873,-0.00030517578125,0.23404833782693985
1.9525,0.0465022958815097,0.0,0.23406766995694725
1.953,0.0465020574629306,0.0006103515625,0.23388674664951778
1.9535,0.046501986682415,0.0006103515625,0.23383560260704916
1.954,0.0465024709701538,0.0,0.2341987934703629
1.9545,0.0465020388364791,0.0,0.23386978320487728
1.955,0.0465022698044776,0.0,0.23404344211479333
1.9555,0.0465022400021553,0.0,0.23401839620158973
1.956,0.046502199023962,0.00030517578125,0.23398562085282462
1.9565,0.0465021021664142,0.00030517578125,0.2339120538065064
1.957,0.0465020686388015,0.00030517578125,0.23388800781145605
1.9575,0.046502236276865,0.0006103515625,0.23401395017381244
1.958,0.0465020351111888,0.00030517578125,0.23386226351393957
1.9585,0.0465022586286067,0.0,0.23403071422781463
1.959,0.0465021729469299,0.0,0.23396427129219094
1.9595,0.0465020686388015,0.00030517578125,0.23388580252814967
1.96,0.0465020462870597,0.0,0.23387124512167382
1.9605,0.0465021356940269,0.0006103515625,0.23393979999538658
1.961,0.0465020835399627,0.00030517578125,0.2339007120901245
1.9615,0.0465020462870597,-0.0006103515625,0.23387433755477727
1.962,0.0465021058917045,0.00030517578125,0.233920655617518
1.9625,0.0465021319687366,0.00030517578125,0.2339401705240338
1.963,0.0465022027492523,0.00030517578125,0.23399257132691784
1.9635,0.0465021282434463,0.0,0.2339354906120196
1.964,0.0465019717812538,0.0,0.2338197485265495
1.9645,0.0465021766722202,0.0,0.23397605270371735
1.965,0.0465022325515747,0.00030517578125,0.2340164344843803
1.9655,0.0465022437274456,-0.00030517578125,0.23402253636040246
1.966,0.0465018898248672,0.00030517578125,0.23375753337996535
1.9665,0.0465022847056388,0.0,0.23405739788092236
1.967,0.0465022139251232,0.0,0.23400135382498555
1.9675,0.0465020686388015,0.00030517578125,0.23389106389256833
1.968,0.0465022772550582,0.00030517578125,0.23404742987238383
1.9685,0.0465021766722202,0.0,0.23396946098959412
1.969,0.0465020239353179,0.00030517578125,0.23385503910895492
1.9695,0.0465024709701538,0.0,0.23419034209331024
1.97,0.0465020909905433,0.0,0.23390075561914017
1.9705,0.0465021915733814,0.0006103515625,0.23397641994792126
1.971,0.0465021431446075,-0.00030517578125,0.23393908758109613
1.9715,0.0465020984411239,0.0006103515625,0.23390543717098897
1.972,0.0465021654963493,-0.00030517578125,0.23395601924696344
1.9725,0.0465021319687366,0.0,0.2339301595351934
1.973,0.0465023927390575,0.00030517578125,0.23412449054519768
1.9735,0.0465020984411239,0.00030517578125,0.23390044673182026
1.974,0.0465020164847373,-0.00030517578125,0.23384134710067175
1.9745,0.0465021356940269,0.0,0.23393328719297285
1.975,0.0465020909905433,0.0,0.23389996007317165
1.9755,0.0465019792318344,-0.00030517578125,0.23381870904545687
1.976,0.0465020462870597,0.0,0.2338731835202359
1.9765,0.0465023554861545,0.00030517578125,0.23410510080292646
1.977,0.0465019606053829,0.00030517578125,0.23380715340863245
1.9775,0.0465023554861545,0.0,0.23410504765999351
1.978,0.0465021692216396,-0.00030517578125,0.23396178215101335
1.9785,0.046501986682415,0.0,0.2338252047341981
1.979,0.0465021841228008,-0.00030517578125,0.2339757917049258
1.9795,0.04650205001235,0.00030517578125,0.23387481667193766
1.98,0.0465020835399627,0.0,0.23390193011002836
1.9805,0.0465019270777702,0.0,0.23378744919455677
1.981,0.0465021207928657,0.0,0.23393676283827092
1.9815,0.0465020984411239,0.0,0.23391986476005688
1.982,0.0465020611882209,0.0,0.23389263709799502
1.9825,0.046502161771059,-0.00030517578125,0.23396857383717093
1.983,0.0465021319687366,0.0006103515625,0.23394528085984945
1.9835,0.0465021021664142,0.0,0.23392254974920199
1.984,0.0465021170675754,-0.00030517578125,0.23393371018542383
1.9845,0.0465021692216396,-0.00030517578125,0.233972322666868
1.985,0.0465022996068,0.0,0.23406838455820664
1.9855,0.0465023629367351,0.0,0.23411230715080666
1.986,0.0465021282434463,0.0,0.23393282643474597
1.9865,0.0465021692216396,0.00030517578125,0.23396317551655949
1.987,0.0465022400021553,0.00030517578125,0.23401503617413183
1.9875,0.0465021058917045,-0.00030517578125,0.23391304209856498
1.988,0.0465020090341568,0.00030517578125,0.2338423100581341
1.9885,0.0465020239353179,-0.00030517578125,0.2338571670249625
1.989,0.0465020723640918,0.00030517578125,0.23389604238219244
1.9895,0.0465022772550582,0.00030517578125,0.23404954148507925
1.99,0.0465022996068,0.0,0.2340631867368539
1.9905,0.0465021207928657,0.0,0.23392684030559918
1.991,0.0465017929673194,0.0006103515625,0.2336853477168794
1.9915,0.0465021319687366,0.00030517578125,0.23394669454400968
1.992,0.0465021580457687,0.00030517578125,0.23396548911959197
1.9925,0.0465019568800926,0.00030517578125,0.23381504500411926
1.993,0.0465021133422851,0.0,0.23393560951042558
1.9935,0.0465023182332515,0.0006103515625,0.2340882612520697
1.994,0.0465020686388015,0.00030517578125,0.2338983851404722
1.9945,0.0465022101998329,0.00030517578125,0.2340045253903869
1.995,0.0465023331344127,0.0,0.23409424507481968
1.9955,0.0465020835399627,0.0006103515625,0.23390433839004088
1.996,0.0465018823742866,-0.00030517578125,0.23375717964978054
1.9965,0.0465022884309291,0.0,0.2340653109740938
1.997,0.0465022511780262,-0.00030517578125,0.2340340611047941
1.9975,0.0465021505951881,0.00030517578125,0.2339564469500223
1.998,0.046501949429512,-0.00030517578125,0.23380676751381158
1.9985,0.046502087265253,0.0,0.23391380136734208
1.999,0.0465022698044776,0.00030517578125,0.23405008913849454
1.9995,0.0465021096169948,-0.00030517578125,0.23392744968258786
2.0,0.0465024039149284,0.0,0.23414683752919396
2.0005,0.0465022101998329,0.00030517578125,0.23399702781789342
2.001,0.0465021543204784,0.0006103515625,0.23395368459416055
2.0015,0.0465021394193172,0.0,0.23394215511993455
2.002,0.0465017929673194,0.00030517578125,0.23368617642910902
2.0025,0.0465021766722202,0.0006103515625,0.23398065527930792
2.003,0.0465020313858985,0.0,0.233871246634076
2.0035,0.0465022996068,-0.00030517578125,0.23407255178042674
2.004,0.046502336859703,0.00030517578125,0.23409672834350817
2.0045,0.0465020760893821,-0.0006103515625,0.2338983075889535
2.005,0.0465020239353179,0.0006103515625,0.23386119636149358
2.0055,0.0465020947158336,0.0,0.23391625519223674
2.006,0.0465022549033165,0.0,0.23403585048307834
2.0065,0.0465020537376403,-0.0006103515625,0.2338830721561954
2.007,0.046502236276865,0.00030517578125,0.23402021485571387
2.0075,0.0465019419789314,0.0006103515625,0.23379908689622836
2.008,0.0465020202100276,0.0,0.23386273087393206
2.0085,0.0465019755065441,0.0,0.23383200258518297
2.009,0.0465023666620254,0.0006103515625,0.23412592290528478
2.0095,0.046509750187397,0.0,0.23965027192574298
2.01,0.0464974753558635,0.00030517578125,0.23036356035387104
2.0105,0.0465210229158401,0.00030517578125,0.2481493477523044
2.011,0.0464792288839817,0.0,0.21691621266755892
2.0115,0.0465482547879219,-0.00030517578125,0.2694513577176249
2.012,0.0464376136660575,0.0,0.18841350155014783
2.0125,0.0466122925281524,0.0,0.32354317327695087
2.013,0.0463296510279178,0.0,0.1675320298179111
2.0135,0.0468465760350227,0.00030517578125,0.6336610974453765
