time [s],Lmtc [m],STIM [ ],Fsee [N]
0.0,0.047,0.0,1.2449852043797813
0.0005,0.047,0.0,1.244984887331825
0.001,0.047,0.0,1.2449845851762311
0.0015,0.047,0.0,1.244984297212028
0.002,0.047,0.0,1.2449840227734248
0.0025,0.047,0.0,1.244983761223845
0.003,0.047,0.0,1.2449835119586474
0.0035,0.047,0.0,1.2449832743997076
0.004,0.047,0.0,1.2449830479979436
0.0045000000000000005,0.047,0.0,1.2449828322282972
0.005,0.047,0.0,1.244982626592109
0.0055,0.047,0.0,1.244982430612539
0.006,0.047,0.0,1.244982243836685
0.006500000000000001,0.047,0.0,1.244982065831508
0.007,0.047,0.0,1.2449818961857027
0.0075,0.047,0.0,1.2449817345059357
0.008,0.047,0.0,1.2449815804186726
0.0085,0.047,0.0,1.2449814335666949
0.009000000000000001,0.047,0.0,1.2449812936107139
0.0095,0.047,0.0,1.2449811602263372
0.01,0.047,0.0,1.2449810331054039
0.0105,0.047,0.0,1.2449809119532742
0.011,0.047,0.0,1.2449807964900663
0.0115,0.047,0.0,1.2449806864481952
0.012,0.047,0.0,1.244980581573446
0.0125,0.047,0.0,1.244980481622784
0.013000000000000001,0.047,0.0,1.2449803863653408
0.0135,0.047,0.0,1.2449802955803515
0.014,0.047,0.0,1.2449802090581443
0.0145,0.047,0.0,1.2449801265981946
0.015,0.047,0.0,1.2449800480100701
0.0155,0.047,0.0,1.2449799731116582
0.016,0.047,0.0,1.2449799017299827
0.0165,0.047,0.0,1.2449798336996345
0.017,0.047,0.0,1.2449797688635125
0.0175,0.047,0.0,1.2449797070713737
0.018000000000000002,0.047,0.0,1.2449796481805206
0.0185,0.047,0.0,1.2449795920545004
0.019,0.047,0.0,1.2449795385637075
0.0195,0.047,0.0,1.2449794875842108
0.02,0.047,0.0,1.2449794389982711
0.0205,0.047,0.0,1.2449793926933408
0.021,0.047,0.0,1.2449793485624714
0.021500000000000002,0.047,0.0,1.244979306503434
0.022,0.047,0.0,1.2449792664191048
0.0225,0.047,0.0,1.2449792282166166
0.023,0.047,0.0,1.244979191807745
0.0235,0.047,0.0,1.2449791571081683
0.024,0.047,0.0,1.2449791240377452
0.0245,0.047,0.0,1.2449790925198494
0.025,0.047,0.0,1.244979062481746
0.025500000000000002,0.047,0.0,1.2449790338537947
0.026000000000000002,0.047,0.0,1.2449790065699355
0.0265,0.047,0.0,1.2449789805669345
0.027,0.047,0.0,1.244978955784783
0.0275,0.047,0.0,1.2449789321660405
0.028,0.047,0.0,1.24497890965618
0.0285,0.047,0.0,1.2449788882030606
0.029,0.047,0.0,1.2449788677571527
0.029500000000000002,0.047,0.0,1.2449788482710877
0.03,0.047,0.0,1.244978829699883
0.0305,0.047,0.0,1.244978812000512
0.031,0.047,0.0,1.2449787951320987
0.0315,0.047,0.0,1.2449787790555826
0.032,0.047,0.0,1.2449787637338383
0.0325,0.047,0.0,1.2449787491313848
0.033,0.047,0.0,1.2449787352144934
0.0335,0.047,0.0,1.2449787219509185
0.034,0.047,0.0,1.2449787093100702
0.0345,0.047,0.0,1.2449786972626364
0.035,0.047,0.0,1.2449786857808114
0.035500000000000004,0.047,0.0,1.2449786748379923
0.036000000000000004,0.047,0.0,1.2449786644089311
0.0365,0.047,0.0,1.2449786544694648
0.037,0.047,0.0,1.2449786449966347
0.0375,0.047,0.0,1.2449786359685031
0.038,0.047,0.0,1.2449786273642287
0.0385,0.047,0.0,1.2449786191638728
0.039,0.047,0.0,1.2449786113485177
0.0395,0.047,0.0,1.2449786039000421
0.04,0.047,0.0,1.2449785968012699
0.0405,0.047,0.0,1.2449785900357444
0.041,0.047,0.0,1.2449785835878375
0.0415,0.047,0.0,1.2449785774426305
0.042,0.047,0.0,1.2449785715859245
0.0425,0.047,0.0,1.2449785660041548
0.043000000000000003,0.047,0.0,1.2449785606844554
0.043500000000000004,0.047,0.0,1.2449785556144766
0.044,0.047,0.0,1.2449785507825235
0.0445,0.047,0.0,1.244978546177407
0.045,0.047,0.0,1.2449785417884864
0.0455,0.047,0.0,1.2449785376056042
0.046,0.047,0.0,1.2449785336190973
0.0465,0.047,0.0,1.2449785298197327
0.047,0.047,0.0,1.24497852619874
0.0475,0.047,0.0,1.244978522747735
0.048,0.047,0.0,1.2449785194587424
0.0485,0.047,0.0,1.2449785163241522
0.049,0.047,0.0,1.2449785133367308
0.0495,0.047,0.0,1.2449785104895454
0.05,0.047,0.0,1.2449785077760285
0.0505,0.047,0.0,1.244978505189903
0.051000000000000004,0.047,0.0,1.2449785027251818
0.051500000000000004,0.047,0.0,1.2449785003761686
0.052000000000000005,0.047,0.0,1.2449784981374354
0.0525,0.047,0.0,1.2449784960038008
0.053,0.047,0.0,1.244978493970332
0.0535,0.047,0.0,1.2449784920323206
0.054,0.047,0.0,1.2449784901852952
0.0545,0.047,0.0,1.2449784884249784
0.055,0.047,0.0,1.2449784867473068
0.0555,0.047,0.0,1.2449784851483896
0.056,0.047,0.0,1.24497848362454
0.0565,0.047,0.0,1.2449784821722114
0.057,0.047,0.0,1.2449784807880817
0.0575,0.047,0.0,1.244978479468927
0.058,0.047,0.0,1.244978478211705
0.0585,0.047,0.0,1.2449784770135035
0.059000000000000004,0.047,0.0,1.2449784758715488
0.059500000000000004,0.047,0.0,1.2449784747832076
0.06,0.047,0.0,1.2449784737459542
0.0605,0.047,0.0,1.2449784727573916
0.061,0.047,0.0,1.244978471815252
0.0615,0.047,0.0,1.2449784709173422
0.062,0.047,0.0,1.2449784700615667
0.0625,0.047,0.0,1.24497846924598
0.063,0.047,0.0,1.2449784684686795
0.0635,0.047,0.0,1.2449784677278701
0.064,0.047,0.0,1.2449784670218431
0.0645,0.047,0.0,1.2449784663489536
0.065,0.047,0.0,1.244978465707665
0.0655,0.047,0.0,1.244978465096472
0.066,0.047,0.0,1.2449784645139776
0.0665,0.047,0.0,1.2449784639588275
0.067,0.047,0.0,1.2449784634297425
0.0675,0.047,0.0,1.2449784629254865
0.068,0.047,0.0,1.2449784624449094
0.0685,0.047,0.0,1.2449784619868938
0.069,0.047,0.0,1.244978461550375
0.0695,0.047,0.0,1.2449784611343537
0.07,0.047,0.0,1.2449784607378624
0.07050000000000001,0.047,0.0,1.2449784603599874
0.07100000000000001,0.047,0.0,1.2449784599998475
0.07150000000000001,0.047,0.0,1.2449784596566151
0.07200000000000001,0.047,0.0,1.2449784593294948
0.0725,0.047,0.0,1.2449784590177342
0.073,0.047,0.0,1.244978458720602
0.0735,0.047,0.0,1.2449784584374217
0.074,0.047,0.0,1.2449784581675478
0.0745,0.047,0.0,1.2449784579103358
0.075,0.047,0.0,1.2449784576651943
0.0755,0.047,0.0,1.2449784574315648
0.076,0.047,0.0,1.244978457208909
0.0765,0.047,0.0,1.244978456996701
0.077,0.047,0.0,1.2449784567944464
0.0775,0.047,0.0,1.2449784566016933
0.078,0.047,0.0,1.2449784564179902
0.0785,0.047,0.0,1.2449784562429078
0.079,0.047,0.0,1.2449784560760477
0.0795,0.047,0.0,1.2449784559170234
0.08,0.047,0.0,1.2449784557654586
0.0805,0.047,0.0,1.2449784556210093
0.081,0.047,0.0,1.244978455483342
0.0815,0.047,0.0,1.2449784553521457
0.082,0.047,0.0,1.2449784552271084
0.0825,0.047,0.0,1.2449784551079288
0.083,0.047,0.0,1.2449784549943599
0.0835,0.047,0.0,1.2449784548861116
0.084,0.047,0.0,1.2449784547829472
0.0845,0.047,0.0,1.2449784546846199
0.085,0.047,0.0,1.2449784545909142
0.0855,0.047,0.0,1.244978454501605
0.08600000000000001,0.047,0.0,1.2449784544164981
0.08650000000000001,0.047,0.0,1.244978454335379
0.08700000000000001,0.047,0.0,1.244978454258065
0.08750000000000001,0.047,0.0,1.2449784541843838
0.088,0.047,0.0,1.2449784541141637
0.0885,0.047,0.0,1.2449784540472437
0.089,0.047,0.0,1.2449784539834619
0.0895,0.047,0.0,1.2449784539226683
0.09,0.047,0.0,1.2449784538647337
0.0905,0.047,0.0,1.2449784538095185
0.091,0.047,0.0,1.2449784537569046
0.0915,0.047,0.0,1.244978453706752
0.092,0.047,0.0,1.2449784536589534
0.0925,0.047,0.0,1.2449784536134012
0.093,0.047,0.0,1.244978453569977
0.0935,0.047,0.0,1.2449784535286061
0.094,0.047,0.0,1.24497845348917
0.0945,0.047,0.0,1.2449784534515822
0.095,0.047,0.0,1.2449784534157682
0.0955,0.047,0.0,1.2449784533816308
0.096,0.047,0.0,1.244978453349095
0.0965,0.047,0.0,1.2449784533180857
0.097,0.047,0.0,1.244978453288538
0.0975,0.047,0.0,1.244978453260366
0.098,0.047,0.0,1.244978453233527
0.0985,0.047,0.0,1.2449784532079564
0.099,0.047,0.0,1.244978453183568
0.0995,0.047,0.0,1.2449784531603296
0.1,0.047,1.0,1.2449784531381984
0.1005,0.047,1.0,1.245192280125198
0.101,0.047,1.0,1.2486669294911268
0.1015,0.047,1.0,1.2632632695697568
0.10200000000000001,0.047,1.0,1.3044343341237394
0.10250000000000001,0.047,1.0,1.3904916458602987
0.10300000000000001,0.047,1.0,1.5077318451805688
0.10350000000000001,0.047,1.0,1.6345902996297288
0.10400000000000001,0.047,1.0,1.7651557642870963
0.1045,0.047,1.0,1.8979406561278522
0.105,0.047,1.0,2.0318273281392134
0.1055,0.047,1.0,2.1658267153887953
0.106,0.047,1.0,2.2991292969970374
0.1065,0.047,1.0,2.431138531346959
0.107,0.047,1.0,2.5614234271590273
0.1075,0.047,1.0,2.6896964149860443
0.108,0.047,1.0,2.8157709499484116
0.1085,0.047,1.0,2.9395389410523083
0.109,0.047,1.0,3.06094716897519
0.1095,0.047,1.0,3.1799818082323688
0.11,0.047,1.0,3.2966571966828986
0.1105,0.047,1.0,3.4110059919070785
0.111,0.047,1.0,3.5230745026360273
0.1115,0.047,1.0,3.6329164329883548
0.112,0.047,1.0,3.740591438133117
0.1125,0.047,1.0,3.8461610446636234
0.113,0.047,1.0,3.949688705758519
0.1135,0.047,1.0,4.051237044514622
0.114,0.047,1.0,4.150868552981205
0.1145,0.047,1.0,4.248643658077374
0.115,0.047,1.0,4.34462165012188
0.1155,0.047,1.0,4.438859276258147
0.116,0.047,1.0,4.531411703688383
0.1165,0.047,1.0,4.622331462966803
0.117,0.047,1.0,4.7116693594992
0.11750000000000001,0.047,1.0,4.799473656792339
0.11800000000000001,0.047,1.0,4.88579090272822
0.11850000000000001,0.047,1.0,4.970665282686669
0.11900000000000001,0.047,1.0,5.054139352445951
0.11950000000000001,0.047,1.0,5.136253515106738
0.12,0.047,1.0,5.2170466640542426
0.1205,0.047,1.0,5.2965557524865865
0.121,0.047,1.0,5.374816354633108
0.1215,0.047,1.0,5.451862306162961
0.122,0.047,1.0,5.527726193288557
0.1225,0.047,1.0,5.602439048530181
0.123,0.047,1.0,5.676030777205961
0.1235,0.047,1.0,5.748529897194341
0.124,0.047,1.0,5.819963911514507
0.1245,0.047,1.0,5.890359083598138
0.125,0.047,1.0,5.959740763635614
0.1255,0.047,1.0,6.028133192892332
0.126,0.047,1.0,6.095559790449944
0.1265,0.047,1.0,6.162042981559449
0.127,0.047,1.0,6.227604450437616
0.1275,0.047,1.0,6.292264988718426
0.128,0.047,1.0,6.356044719108215
0.1285,0.047,1.0,6.418962960796438
0.129,0.047,1.0,6.481038428033349
0.1295,0.047,1.0,6.542289109969066
0.13,0.047,1.0,6.60273244758946
0.1305,0.047,1.0,6.6623852259203975
0.131,0.047,1.0,6.721263732228714
0.1315,0.047,1.0,6.779383658894001
0.132,0.047,1.0,6.836760245337707
0.1325,0.047,1.0,6.893408190153223
0.133,0.047,1.0,6.949341778855083
0.1335,0.047,1.0,7.004574804089294
0.134,0.047,1.0,7.059120680983124
0.1345,0.047,1.0,7.1129923744430075
0.135,0.047,1.0,7.166202503626209
0.1355,0.047,1.0,7.218763275484506
0.136,0.047,1.0,7.270686579660316
0.1365,0.047,1.0,7.321983927559022
0.137,0.047,1.0,7.372666538788075
0.1375,0.047,1.0,7.422745285143121
0.138,0.047,1.0,7.472230769554575
0.1385,0.047,1.0,7.521133274457431
0.139,0.047,1.0,7.569462834079519
0.1395,0.047,1.0,7.617229186735518
0.14,0.047,1.0,7.664441841180385
0.1405,0.047,1.0,7.711110032429156
0.14100000000000001,0.047,1.0,7.757242782804207
0.14150000000000001,0.047,1.0,7.802848860932115
0.14200000000000002,0.047,1.0,7.847936838034712
0.14250000000000002,0.047,1.0,7.892515049797508
0.14300000000000002,0.047,1.0,7.9365916483846535
0.14350000000000002,0.047,1.0,7.980174566910575
0.14400000000000002,0.047,1.0,8.023271567601155
0.1445,0.047,1.0,8.065890208631046
0.145,0.047,1.0,8.108037888802455
0.1455,0.047,1.0,8.14972181653859
0.146,0.047,1.0,8.190949051407548
0.1465,0.047,1.0,8.23172647508544
0.147,0.047,1.0,8.272060830015832
0.1475,0.047,1.0,8.311958692176132
0.148,0.047,1.0,8.351426507130213
0.1485,0.047,1.0,8.39047056444939
0.149,0.047,1.0,8.429097031387814
0.1495,0.047,1.0,8.467311928824717
0.15,0.047,1.0,8.505121162766935
0.1505,0.047,1.0,8.542530501692887
0.151,0.047,1.0,8.579545606065222
0.1515,0.047,1.0,8.616172006968881
0.152,0.047,1.0,8.652415133797282
0.1525,0.047,1.0,8.688280294087692
0.153,0.047,1.0,8.723772699528011
0.1535,0.047,1.0,8.758897446901358
0.154,0.047,1.0,8.793659542546198
0.1545,0.047,1.0,8.828063884329934
0.155,0.047,1.0,8.862115284682252
0.1555,0.047,1.0,8.895818453525685
0.156,0.047,1.0,8.929178019989223
0.1565,0.047,1.0,8.962198516230165
0.157,0.047,1.0,8.994884397926542
0.1575,0.047,1.0,9.027240028929302
0.158,0.047,1.0,9.059269700622687
0.1585,0.047,1.0,9.090977617351534
0.159,0.047,1.0,9.122367914730523
0.1595,0.047,1.0,9.153444645796217
0.16,0.047,1.0,9.184211798338499
0.1605,0.047,1.0,9.214673281731566
0.161,0.047,1.0,9.244832943354062
0.1615,0.047,1.0,9.274694556057062
0.162,0.047,1.0,9.30426183373444
0.1625,0.047,1.0,9.333538419387775
0.163,0.047,1.0,9.362527899904096
0.1635,0.047,1.0,9.391233794681444
0.164,0.047,1.0,9.419659569665232
0.1645,0.047,1.0,9.44780862650132
0.165,0.047,1.0,9.47568431587849
0.1655,0.047,1.0,9.503289927178248
0.166,0.047,1.0,9.530628701166508
0.1665,0.047,1.0,9.557703820112183
0.167,0.047,1.0,9.584518419868099
0.1675,0.047,1.0,9.61107558043152
0.168,0.047,1.0,9.63737833745192
0.1685,0.047,1.0,9.663429673208418
0.169,0.047,1.0,9.689232527578696
0.1695,0.047,1.0,9.714789789410945
0.17,0.047,1.0,9.740104306985286
0.1705,0.047,1.0,9.765178879758409
0.171,0.047,1.0,9.790016268347706
0.1715,0.047,1.0,9.814619186628772
0.17200000000000001,0.047,1.0,9.83899031126876
0.17250000000000001,0.047,1.0,9.863132274158755
0.17300000000000001,0.047,1.0,9.887047671521719
0.17350000000000002,0.047,1.0,9.910739056661736
0.17400000000000002,0.047,1.0,9.934208948670745
0.17450000000000002,0.047,1.0,9.957459825479017
0.17500000000000002,0.047,1.0,9.98049413218138
0.17550000000000002,0.047,1.0,10.003314274373603
0.176,0.047,1.0,10.025922626120373
0.1765,0.047,1.0,10.04832152356192
0.177,0.047,1.0,10.070513272542334
0.1775,0.047,1.0,10.092500142474826
0.178,0.047,1.0,10.11428437364693
0.1785,0.047,1.0,10.135868171331905
0.179,0.047,1.0,10.157253712788194
0.1795,0.047,1.0,10.178443141604323
0.18,0.047,1.0,10.199438574409063
0.1805,0.047,1.0,10.220242095438357
0.181,0.047,1.0,10.240855762970112
0.1815,0.047,1.0,10.26128160410397
0.182,0.047,1.0,10.281521620933963
0.1825,0.047,1.0,10.301577785530704
0.183,0.047,1.0,10.32145204586546
0.1835,0.047,1.0,10.34114632098511
0.184,0.047,1.0,10.360662506700095
0.1845,0.047,1.0,10.380002470943236
0.185,0.047,1.0,10.399168059232467
0.1855,0.047,1.0,10.418161090205906
0.186,0.047,1.0,10.436983360869835
0.1865,0.047,1.0,10.455636642301911
0.187,0.047,1.0,10.4741226846948
0.1875,0.047,1.0,10.492443213220085
0.188,0.047,1.0,10.510599932877195
0.1885,0.047,1.0,10.52859452451064
0.189,0.047,1.0,10.54642864947315
0.1895,0.047,1.0,10.56410394578993
0.19,0.047,1.0,10.581622032644766
0.1905,0.047,1.0,10.598984506684253
0.191,0.047,1.0,10.616192946335039
0.1915,0.047,1.0,10.633248908242452
0.192,0.047,1.0,10.650153931426214
0.1925,0.047,1.0,10.666909533847898
0.193,0.047,1.0,10.683517216411865
0.1935,0.047,1.0,10.699978459656535
0.194,0.047,1.0,10.71629472760747
0.1945,0.047,1.0,10.732467464587003
0.195,0.047,1.0,10.74849809892594
0.1955,0.047,1.0,10.764388039886642
0.196,0.047,1.0,10.78013868123963
0.1965,0.047,1.0,10.795751398295423
0.197,0.047,1.0,10.81122755135187
0.1975,0.047,1.0,10.826568482829948
0.198,0.047,1.0,10.841775520597665
0.1985,0.047,1.0,10.856849975205819
0.199,0.047,1.0,10.871793143093209
0.1995,0.047,1.0,10.886606303918246
0.2,0.047,1.0,10.901290723651051
0.2005,0.047,1.0,10.915847651996957
0.201,0.047,1.0,10.930278325379435
0.2015,0.047,1.0,10.944583964452745
0.202,0.047,1.0,10.958765776979977
0.2025,0.047,1.0,10.972824955430847
0.203,0.047,1.0,10.986762679759632
0.20350000000000001,0.047,1.0,11.000580115084652
0.20400000000000001,0.047,1.0,11.014278414370303
0.20450000000000002,0.047,1.0,11.027858716184884
0.20500000000000002,0.047,1.0,11.041322147290192
0.20550000000000002,0.047,1.0,11.054669820475311
0.20600000000000002,0.047,1.0,11.067902837057597
0.20650000000000002,0.047,1.0,11.081022284788725
0.20700000000000002,0.047,1.0,11.094029240271182
0.20750000000000002,0.047,1.0,11.106924766933538
0.20800000000000002,0.047,1.0,11.119709917365773
0.2085,0.047,1.0,11.132385731361456
0.209,0.047,1.0,11.144953238174756
0.2095,0.047,1.0,11.157413454627392
0.21,0.047,1.0,11.169767387289802
0.2105,0.047,1.0,11.182016030650747
0.211,0.047,1.0,11.194160369225687
0.2115,0.047,1.0,11.206201375786417
0.212,0.047,1.0,11.218140013399909
0.2125,0.047,1.0,11.229977233715132
0.213,0.047,1.0,11.241713978935444
0.2135,0.047,1.0,11.253351180160575
0.214,0.047,1.0,11.264889759294569
0.2145,0.047,1.0,11.276330627441206
0.215,0.047,1.0,11.287674686750071
0.2155,0.047,1.0,11.298922828863518
0.216,0.047,1.0,11.31007593670278
0.2165,0.047,1.0,11.321134882964657
0.217,0.047,1.0,11.332100531850351
0.2175,0.047,1.0,11.342973737609782
0.218,0.047,1.0,11.353755346215069
0.2185,0.047,1.0,11.364446193950966
0.219,0.047,1.0,11.37504710903534
0.2195,0.047,1.0,11.385558910253515
0.22,0.047,1.0,11.395982408527829
0.2205,0.047,1.0,11.406318405594783
0.221,0.047,1.0,11.41656769552482
0.2215,0.047,1.0,11.426731063441187
0.222,0.047,1.0,11.436809286992125
0.2225,0.047,1.0,11.446803135108917
0.223,0.047,1.0,11.456713369432824
0.2235,0.047,1.0,11.466540743111432
0.224,0.047,1.0,11.476286002180942
0.2245,0.047,1.0,11.485949884400357
0.225,0.047,1.0,11.495533120590274
0.2255,0.047,1.0,11.505036433503038
0.226,0.047,1.0,11.514460539120824
0.2265,0.047,1.0,11.523806145560007
0.227,0.047,1.0,11.533073954329637
0.2275,0.047,1.0,11.542264659268817
0.228,0.047,1.0,11.551378947767189
0.2285,0.047,1.0,11.560417499734706
0.229,0.047,1.0,11.5693809887846
0.2295,0.047,1.0,11.578270081234521
0.23,0.047,1.0,11.587085437254101
0.2305,0.047,1.0,11.595827709895607
0.231,0.047,1.0,11.604497546207368
0.2315,0.047,1.0,11.613095586293307
0.232,0.047,1.0,11.621622464393283
0.2325,0.047,1.0,11.630078807970467
0.233,0.047,1.0,11.638465238759498
0.2335,0.047,1.0,11.64678237188123
0.234,0.047,1.0,11.655030816859737
0.23450000000000001,0.047,1.0,11.66321117676302
0.23500000000000001,0.047,1.0,11.671324049190103
0.23550000000000001,0.047,1.0,11.67937002543749
0.23600000000000002,0.047,1.0,11.687349691456946
0.23650000000000002,0.047,1.0,11.695263627045966
0.23700000000000002,0.047,1.0,11.70311240677842
0.23750000000000002,0.047,1.0,11.71089659921823
0.23800000000000002,0.047,1.0,11.718616767822896
0.23850000000000002,0.047,1.0,11.726273470180146
0.23900000000000002,0.047,1.0,11.73386725888538
0.23950000000000002,0.047,1.0,11.741398680800408
0.24,0.047,1.0,11.74886827790554
0.2405,0.047,1.0,11.756276586579567
0.241,0.047,1.0,11.763624138427792
0.2415,0.047,1.0,11.770911459582537
0.242,0.047,1.0,11.778139071507317
0.2425,0.047,1.0,11.785307490317589
0.243,0.047,1.0,11.792417227562073
0.2435,0.047,1.0,11.799468789562718
0.244,0.047,1.0,11.806462678174123
0.2445,0.047,1.0,11.813399390141953
0.245,0.047,1.0,11.820279417841142
0.2455,0.047,1.0,11.827103248652598
0.246,0.047,1.0,11.833871365680304
0.2465,0.047,1.0,11.840584247145854
0.247,0.047,1.0,11.847242367085622
0.2475,0.047,1.0,11.853846194761784
0.248,0.047,1.0,11.860396195340838
0.2485,0.047,1.0,11.866892829320424
0.249,0.047,1.0,11.873336553189375
0.2495,0.047,1.0,11.879727818870412
0.25,0.047,1.0,11.886067074362206
0.2505,0.047,1.0,11.892354763196904
0.251,0.047,1.0,11.898591325065228
0.2515,0.047,1.0,11.904777195289036
0.252,0.047,1.0,11.910912805428504
0.2525,0.047,1.0,11.916998582769857
0.253,0.047,1.0,11.923034950916188
0.2535,0.047,1.0,11.929022329288545
0.254,0.047,1.0,11.934961133701393
0.2545,0.047,1.0,11.940851775876997
0.255,0.047,1.0,11.946694664005133
0.2555,0.047,1.0,11.952490202271019
0.256,0.047,1.0,11.958238791400182
0.2565,0.047,1.0,11.963940828198641
0.257,0.047,1.0,11.96959670608337
0.2575,0.047,1.0,11.975206814635117
0.258,0.047,1.0,11.980771540114397
0.2585,0.047,1.0,11.986291265026454
0.259,0.047,1.0,11.991766368623857
0.2595,0.047,1.0,11.997197226482564
0.26,0.047,1.0,12.00258421099152
0.2605,0.047,1.0,12.00792769094016
0.261,0.047,1.0,12.013228031994876
0.2615,0.047,1.0,12.018485596297404
0.262,0.047,1.0,12.023700742929373
0.2625,0.047,1.0,12.028873827520497
0.263,0.047,1.0,12.034005202701518
0.2635,0.047,1.0,12.039095217722714
0.264,0.047,1.0,12.044144218894806
0.2645,0.047,1.0,12.049152549217807
0.265,0.047,1.0,12.054120548810163
0.2655,0.047,1.0,12.059048554547525
0.266,0.047,1.0,12.06393690048095
0.2665,0.047,1.0,12.068785917484742
0.267,0.047,1.0,12.073595933664151
0.2675,0.047,1.0,12.078367274012196
0.268,0.047,1.0,12.083100260807248
0.2685,0.047,1.0,12.087795213278161
0.269,0.047,1.0,12.09245244799245
0.2695,0.047,1.0,12.097072278529449
0.27,0.047,1.0,12.101655015858867
0.2705,0.047,1.0,12.106200968022375
0.271,0.047,1.0,12.110710440502569
0.2715,0.047,1.0,12.115183735912588
0.272,0.047,1.0,12.119621154355933
0.2725,0.047,1.0,12.124022993123916
0.273,0.047,1.0,12.128389547046424
0.2735,0.047,1.0,12.132721108197217
0.274,0.047,1.0,12.137017966235623
0.2745,0.047,1.0,12.141280408119517
0.275,0.047,1.0,12.145508718438764
0.2755,0.047,1.0,12.14970317913458
0.276,0.047,1.0,12.153864069825646
0.2765,0.047,1.0,12.157991667534066
0.277,0.047,1.0,12.16208624700351
0.2775,0.047,1.0,12.166148080431904
0.278,0.047,1.0,12.170177437781726
0.2785,0.047,1.0,12.174174586519834
0.279,0.047,1.0,12.17813979191961
0.2795,0.047,1.0,12.182073316807386
0.28,0.047,1.0,12.185975421857254
0.2805,0.047,1.0,12.189846365343866
0.281,0.047,1.0,12.19368640343009
0.28150000000000003,0.047,1.0,12.197495789925524
0.28200000000000003,0.047,1.0,12.201274776567573
0.28250000000000003,0.047,1.0,12.205023612785888
0.28300000000000003,0.047,1.0,12.208742545976529
0.28350000000000003,0.047,1.0,12.21243182127202
0.28400000000000003,0.047,1.0,12.216091681809202
0.28450000000000003,0.047,1.0,12.21972236850486
0.28500000000000003,0.047,1.0,12.223324120316898
0.28550000000000003,0.047,1.0,12.22689717402573
0.28600000000000003,0.047,1.0,12.230441764489171
0.28650000000000003,0.047,1.0,12.233958124428737
0.28700000000000003,0.047,1.0,12.237446484679229
0.28750000000000003,0.047,1.0,12.240907073979253
0.28800000000000003,0.047,1.0,12.24434011921579
0.2885,0.047,1.0,12.247745845219058
0.289,0.047,1.0,12.25112447500177
0.2895,0.047,1.0,12.254476229558682
0.29,0.047,1.0,12.257801328100134
0.2905,0.047,1.0,12.26109998785681
0.291,0.047,1.0,12.264372424307286
0.2915,0.047,1.0,12.26761885098774
0.292,0.047,1.0,12.270839479714086
0.2925,0.047,1.0,12.274034520396231
0.293,0.047,1.0,12.277204181255145
0.2935,0.047,1.0,12.2803486686411
0.294,0.047,1.0,12.283468187246413
0.2945,0.047,1.0,12.286562939927334
0.295,0.047,1.0,12.289633127911983
0.2955,0.047,1.0,12.292678950626623
0.296,0.047,1.0,12.295700605898844
0.2965,0.047,1.0,12.29869828978763
0.297,0.047,1.0,12.301672196782105
0.2975,0.047,1.0,12.304622519635256
0.298,0.047,1.0,12.307549449558648
0.2985,0.047,1.0,12.310453176059667
0.299,0.047,1.0,12.313333887131583
0.2995,0.047,1.0,12.316191769095116
0.3,0.047,1.0,12.319055088703758
0.3005,0.04699,1.0,12.225029867493696
0.301,0.04698,1.0,12.132215174577425
0.3015,0.04697,1.0,12.040600422783287
0.302,0.04696,1.0,11.950176955740165
0.3025,0.04695,1.0,11.860936271780986
0.303,0.04694,1.0,11.772869819344187
0.3035,0.04693,1.0,11.685968983983681
0.304,0.04692,1.0,11.600225104064855
0.3045,0.04691,1.0,11.51562945767531
0.305,0.0469,1.0,11.432173278593073
0.3055,0.04689,1.0,11.349847743139776
0.306,0.04688,1.0,11.268643986375753
0.3065,0.04687,1.0,11.188553088936017
0.307,0.04686,1.0,11.109566093405773
0.3075,0.04685,1.0,11.031673991177987
0.308,0.04684,1.0,10.954867738961442
0.3085,0.04683,1.0,10.879138245700178
0.309,0.04682,1.0,10.804476389164074
0.3095,0.04681,1.0,10.73087300296957
0.31,0.0468,1.0,10.65828742782366
0.3105,0.0468,1.0,10.676821454473167
0.311,0.0468,1.0,10.6951872914513
0.3115,0.0468,1.0,10.713389120560905
0.312,0.0468,1.0,10.731428865119282
0.3125,0.0468,1.0,10.749308177804568
0.313,0.0468,1.0,10.767028692566196
0.3135,0.0468,1.0,10.78459202104962
0.314,0.0468,1.0,10.801999756191051
0.3145,0.0468,1.0,10.819253469277571
0.315,0.0468,1.0,10.836354713496588
0.3155,0.0468,1.0,10.853305021105548
0.316,0.0468,1.0,10.870105906845682
0.3165,0.0468,1.0,10.886758865216276
0.317,0.0468,1.0,10.903265373759337
0.3175,0.0468,1.0,10.919626890433134
0.318,0.0468,1.0,10.935844856774404
0.3185,0.0468,1.0,10.951920695366624
0.319,0.0468,1.0,10.967855812885123
0.3195,0.0468,1.0,10.983651597656117
0.32,0.0468,1.0,10.999309422589636
0.3205,0.0468,1.0,11.01483064282623
0.321,0.0468,1.0,11.030216598562532
0.3215,0.0468,1.0,11.045468612780704
0.322,0.0468,1.0,11.060587993972916
0.3225,0.0468,1.0,11.075576033949293
0.323,0.0468,1.0,11.090434010465753
0.3235,0.0468,1.0,11.105163185107488
0.324,0.0468,1.0,11.119764805824143
0.3245,0.0468,1.0,11.134240104885315
0.325,0.0468,1.0,11.148590301327628
0.3255,0.0468,1.0,11.162816598979452
0.326,0.0468,1.0,11.176920188822596
0.3265,0.0468,1.0,11.190902247084418
0.327,0.0468,1.0,11.20476393751787
0.3275,0.0468,1.0,11.218506409556934
0.328,0.0468,1.0,11.232130800519721
0.3285,0.0468,1.0,11.24563823382442
0.329,0.0468,1.0,11.259029821118428
0.3295,0.0468,1.0,11.272306660552282
0.33,0.0468,1.0,11.28546983883813
0.3305,0.0468,1.0,11.298520429579423
0.331,0.0468,1.0,11.311459495261373
0.3315,0.0468,1.0,11.324288085634272
0.332,0.0468,1.0,11.33700723963868
0.3325,0.0468,1.0,11.349617983840238
0.333,0.0468,1.0,11.362121334292635
0.3335,0.0468,1.0,11.37451829502155
0.334,0.0468,1.0,11.386809859827562
0.3345,0.0468,1.0,11.398997010817759
0.335,0.0468,1.0,11.411080720150915
0.3355,0.0468,1.0,11.423061948615217
0.336,0.0468,1.0,11.4349416473176
0.3365,0.0468,1.0,11.446720756305298
0.337,0.0468,1.0,11.458400206202656
0.3375,0.0468,1.0,11.46998091687461
0.338,0.0468,1.0,11.481463799012356
0.3385,0.0468,1.0,11.49284975283714
0.339,0.0468,1.0,11.504139669637869
0.3395,0.0468,1.0,11.51533443051309
0.34,0.0468,1.0,11.526434907861434
0.3405,0.0468,1.0,11.537441964161873
0.341,0.0468,1.0,11.548356453418396
0.3415,0.0468,1.0,11.559179219976324
0.342,0.0468,1.0,11.56991109992361
0.3425,0.0468,1.0,11.580552919942019
0.343,0.0468,1.0,11.591105498666318
0.3435,0.0468,1.0,11.601569645569139
0.34400000000000003,0.0468,1.0,11.611946162279878
0.34450000000000003,0.0468,1.0,11.62223584150151
0.34500000000000003,0.0468,1.0,11.63243946829107
0.34550000000000003,0.0468,1.0,11.642557819007468
0.34600000000000003,0.0468,1.0,11.65259166255423
0.34650000000000003,0.0468,1.0,11.662541759357868
0.34700000000000003,0.0468,1.0,11.672408862574411
0.34750000000000003,0.0468,1.0,11.682193717096226
0.34800000000000003,0.0468,1.0,11.691897060724502
0.34850000000000003,0.0468,1.0,11.701519623203799
0.34900000000000003,0.0468,1.0,11.711062127360856
0.34950000000000003,0.0468,1.0,11.720525288165915
0.35000000000000003,0.0468,1.0,11.729909813839829
0.35050000000000003,0.0468,1.0,11.739216404941086
0.35100000000000003,0.0468,1.0,11.74844575544154
0.35150000000000003,0.0468,1.0,11.757598551838875
0.352,0.0468,1.0,11.766675474202273
0.3525,0.0468,1.0,11.775677195308846
0.353,0.0468,1.0,11.784604381660342
0.3535,0.0468,1.0,11.793457692643601
0.354,0.0468,1.0,11.80223778151849
0.3545,0.0468,1.0,11.810945294601023
0.355,0.0468,1.0,11.819580872225023
0.3555,0.0468,1.0,11.828145147946527
0.356,0.0468,1.0,11.83663874947904
0.3565,0.0468,1.0,11.84506229791974
0.357,0.0468,1.0,11.853416408659436
0.3575,0.0468,1.0,11.861701690628598
0.358,0.0468,1.0,11.869918747183434
0.3585,0.0468,1.0,11.878068175371915
0.359,0.0468,1.0,11.886150566795587
0.3595,0.0468,1.0,11.894166506895216
0.36,0.0468,1.0,11.902116575789883
0.3605,0.0468,1.0,11.910001347580637
0.361,0.0468,1.0,11.917821391168015
0.3615,0.0468,1.0,11.925577269573685
0.362,0.0468,1.0,11.933269540736015
0.3625,0.0468,1.0,11.940898756849615
0.363,0.0468,1.0,11.948465465140394
0.3635,0.0468,1.0,11.955970207221169
0.364,0.0468,1.0,11.963413519847593
0.3645,0.0468,1.0,11.970795934289399
0.365,0.0468,1.0,11.978117977067313
0.3655,0.0468,1.0,11.985380169340251
0.366,0.0468,1.0,11.992583027622857
0.3665,0.0468,1.0,11.999727063188493
0.367,0.0468,1.0,12.006812782768682
0.3675,0.0468,1.0,12.01384068797066
0.368,0.0468,1.0,12.020811275959293
0.3685,0.0468,1.0,12.027725038888981
0.369,0.0468,1.0,12.034582464568677
0.3695,0.0468,1.0,12.041384035907626
0.37,0.0468,1.0,12.048130231563816
0.3705,0.0468,1.0,12.054821525403483
0.371,0.0468,1.0,12.061458387133122
0.3715,0.0468,1.0,12.06804128177249
0.372,0.0468,1.0,12.074570670270823
0.3725,0.0468,1.0,12.081047008992664
0.373,0.0468,1.0,12.087470750319444
0.3735,0.0468,1.0,12.093842342146766
0.374,0.0468,1.0,12.100162228471977
0.3745,0.0468,1.0,12.10643084890355
0.375,0.0468,1.0,12.112648639233928
0.3755,0.0468,1.0,12.118816030961264
0.376,0.0468,1.0,12.124933451847886
0.3765,0.0468,1.0,12.131001325453369
0.377,0.0468,1.0,12.13702007168039
0.3775,0.0468,1.0,12.142990106317859
0.378,0.0468,1.0,12.148911841574021
0.3785,0.0468,1.0,12.154785685630925
0.379,0.0468,1.0,12.160612043164198
0.3795,0.0468,1.0,12.166391314907957
0.38,0.0468,1.0,12.172123898162775
0.3805,0.0468,1.0,12.177810186370062
0.381,0.0468,1.0,12.183450569608723
0.3815,0.0468,1.0,12.18904543417936
0.382,0.0468,1.0,12.19459516308855
0.3825,0.0468,1.0,12.200100135643396
0.383,0.0468,1.0,12.20556072792462
0.3835,0.0468,1.0,12.210977312389554
0.384,0.0468,1.0,12.216350258335016
0.3845,0.0468,1.0,12.221679931509483
0.385,0.0468,1.0,12.226966694564796
0.3855,0.0468,1.0,12.2322109066772
0.386,0.0468,1.0,12.237412923988854
0.3865,0.0468,1.0,12.242573099237498
0.387,0.0468,1.0,12.247691782187994
0.3875,0.0468,1.0,12.252769319269982
0.388,0.0468,1.0,12.25780605399964
0.3885,0.0468,1.0,12.26280232662582
0.389,0.0468,1.0,12.267758474541955
0.3895,0.0468,1.0,12.272674831940344
0.39,0.0468,1.0,12.27755173021455
0.3905,0.0468,1.0,12.282389497621313
0.391,0.0468,1.0,12.287188459674303
0.3915,0.0468,1.0,12.291948938813126
0.392,0.0468,1.0,12.296671254788603
0.3925,0.0468,1.0,12.301355724338798
0.393,0.0468,1.0,12.306002661566055
0.3935,0.0468,1.0,12.31061237761959
0.394,0.0468,1.0,12.31518518106487
0.3945,0.0468,1.0,12.319721377572819
0.395,0.0468,1.0,12.324221270280706
0.3955,0.0468,1.0,12.328685159488852
0.396,0.0468,1.0,12.33311334301321
0.3965,0.0468,1.0,12.337506115888193
0.397,0.0468,1.0,12.341863770712566
0.3975,0.0468,1.0,12.346186597357994
0.398,0.0468,1.0,12.350474883307339
0.3985,0.0468,1.0,12.354728913369922
0.399,0.0468,1.0,12.35894897001216
0.3995,0.0468,1.0,12.363135333079267
0.4,0.0468,0.0,12.367288280099498
0.4005,0.0468,0.0,12.371394983066194
0.401,0.0468,0.0,12.375441703826569
0.4015,0.0468,0.0,12.379427272262683
0.402,0.0468,0.0,12.38335043860987
0.4025,0.0468,0.0,12.387209845980426
0.403,0.0468,0.0,12.391004049200934
0.4035,0.0468,0.0,12.39473148346501
0.404,0.0468,0.0,12.39839048537449
0.4045,0.0468,0.0,12.401979257949543
0.405,0.0468,0.0,12.405495894137657
0.4055,0.0468,0.0,12.408938337773957
0.406,0.0468,0.0,12.412304409850858
0.40650000000000003,0.0468,0.0,12.415591764983505
0.40700000000000003,0.0468,0.0,12.418797920764518
0.40750000000000003,0.0468,0.0,12.421920209251269
0.40800000000000003,0.0468,0.0,12.424955809763745
0.40850000000000003,0.0468,0.0,12.42790169487041
0.40900000000000003,0.0468,0.0,12.430754667024871
0.40950000000000003,0.0468,0.0,12.433511298487916
0.41000000000000003,0.0468,0.0,12.436167972236367
0.41050000000000003,0.0468,0.0,12.438720815222254
0.41100000000000003,0.0468,0.0,12.441165744029052
0.41150000000000003,0.0468,0.0,12.443498390833199
0.41200000000000003,0.0468,0.0,12.445714154326636
0.41250000000000003,0.0468,0.0,12.447808117717383
0.41300000000000003,0.0468,0.0,12.449775105479459
0.41350000000000003,0.0468,0.0,12.451609592709657
0.41400000000000003,0.0468,0.0,12.453305768310894
0.41450000000000004,0.0468,0.0,12.454857435011547
0.41500000000000004,0.0468,0.0,12.456258079631363
0.41550000000000004,0.0468,0.0,12.457500763077002
0.41600000000000004,0.0468,0.0,12.458578198379675
0.4165,0.0468,0.0,12.459482630007596
0.417,0.0468,0.0,12.460205920400286
0.4175,0.0468,0.0,12.460739417992606
0.418,0.0468,0.0,12.461074052998057
0.4185,0.0468,0.0,12.46120099827237
0.419,0.0468,0.0,12.46116038204163
0.4195,0.0468,0.0,12.460996728453779
0.42,0.0468,0.0,12.460709894959754
0.4205,0.0468,0.0,12.460290697608947
0.421,0.0468,0.0,12.459730219457041
0.4215,0.0468,0.0,12.45901874015185
0.422,0.0468,0.0,12.458145854402897
0.4225,0.0468,0.0,12.457100190817302
0.423,0.0468,0.0,12.455869552540209
0.4235,0.0468,0.0,12.454440573153983
0.424,0.0468,0.0,12.452798883128008
0.4245,0.0468,0.0,12.450928685150803
0.425,0.0468,0.0,12.448812952115754
0.4255,0.0468,0.0,12.446432897563556
0.426,0.0468,0.0,12.443768212438766
0.4265,0.0468,0.0,12.440796397082156
0.427,0.0468,0.0,12.437493045937366
0.4275,0.0468,0.0,12.433830994021191
0.428,0.0468,0.0,12.429780661259183
0.4285,0.0468,0.0,12.425308946212683
0.429,0.0468,0.0,12.420379644907628
0.4295,0.0468,0.0,12.414951993920173
0.43,0.0468,0.0,12.408981182532747
0.4305,0.0468,0.0,12.40241639952048
0.431,0.0468,0.0,12.39520146220652
0.4315,0.0468,0.0,12.387272145103166
0.432,0.0468,0.0,12.37855695458057
0.4325,0.0468,0.0,12.368973392798662
0.433,0.0468,0.0,12.35842891101441
0.4335,0.0468,0.0,12.346815552489161
0.434,0.0468,0.0,12.33401111770597
0.4345,0.0468,0.0,12.31987126753954
0.435,0.0468,0.0,12.304230922401803
0.4355,0.0468,0.0,12.286892265596995
0.436,0.0468,0.0,12.267626360896593
0.4365,0.0468,0.0,12.246154344558256
0.437,0.0468,0.0,12.222149162365364
0.4375,0.0468,0.0,12.195205198475835
0.438,0.0468,0.0,12.164839932448125
0.4385,0.0468,0.0,12.130443972743693
0.439,0.0468,0.0,12.091282757970541
0.4395,0.0468,0.0,12.046415776821053
0.44,0.0468,0.0,11.994702008705367
0.4405,0.0468,0.0,11.934685851663362
0.441,0.0468,0.0,11.86463060323951
0.4415,0.0468,0.0,11.782440972161913
0.442,0.0468,0.0,11.68582388527129
0.4425,0.0468,0.0,11.572520478243701
0.443,0.0468,0.0,11.440717407021001
0.4435,0.0468,0.0,11.289713638382269
0.444,0.0468,0.0,11.120059227745223
0.4445,0.0468,0.0,10.933726729051557
0.445,0.0468,0.0,10.733447784253997
0.4455,0.0468,0.0,10.52225531074447
0.446,0.0468,0.0,10.302990362591206
0.4465,0.0468,0.0,10.07807543614651
0.447,0.0468,0.0,9.849450586186538
0.4475,0.0468,0.0,9.618629229427636
0.448,0.0468,0.0,9.386765228053019
0.4485,0.0468,0.0,9.154750510850384
0.449,0.0468,0.0,8.923276842187116
0.4495,0.0468,0.0,8.69289940725521
0.45,0.0468,0.0,8.464072027487328
0.4505,0.0468,0.0,8.237179441908443
0.451,0.0468,0.0,8.012554243241743
0.4515,0.0468,0.0,7.790491464049482
0.452,0.0468,0.0,7.571256036638314
0.4525,0.0468,0.0,7.355088930349563
0.453,0.0468,0.0,7.142210273868519
0.4535,0.0468,0.0,6.9328218220218805
0.454,0.0468,0.0,6.727108252502435
0.4545,0.0468,0.0,6.5252381630407585
0.455,0.0468,0.0,6.3273646636694565
0.4555,0.0468,0.0,6.133625848064982
0.456,0.0468,0.0,5.94414514644226
0.4565,0.0468,0.0,5.75903164733844
0.457,0.0468,0.0,5.578380383499308
0.4575,0.0468,0.0,5.402272634545456
0.458,0.0468,0.0,5.23077619112587
0.4585,0.0468,0.0,5.063945666830212
0.459,0.0468,0.0,4.90182273382425
0.4595,0.0468,0.0,4.744436437689603
0.46,0.0468,0.0,4.591803384832561
0.4605,0.0468,0.0,4.4439280578999645
0.461,0.0468,0.0,4.3008029500215095
0.4615,0.0468,0.0,4.162408909622536
0.462,0.0468,0.0,4.028715253323182
0.4625,0.0468,0.0,3.8996802139686384
0.463,0.0468,0.0,3.7752511091939627
0.4635,0.0468,0.0,3.655364999000257
0.464,0.0468,0.0,3.539949013206535
0.4645,0.0468,0.0,3.4289213098398603
0.465,0.0468,0.0,3.3221916410615884
0.4655,0.0468,0.0,3.219662621725197
0.466,0.0468,0.0,3.1212305322021994
0.4665,0.0468,0.0,3.026786783262558
0.467,0.0468,0.0,2.9362188510191674
0.4675,0.0468,0.0,2.8494117279415994
0.468,0.0468,0.0,2.766248821539452
0.4685,0.0468,0.0,2.6866131744039503
0.46900000000000003,0.0468,0.0,2.610388173501322
0.46950000000000003,0.0468,0.0,2.537458408651496
0.47000000000000003,0.0468,0.0,2.4677101180444003
0.47050000000000003,0.0468,0.0,2.4010316782802965
0.47100000000000003,0.0468,0.0,2.3373138016906747
0.47150000000000003,0.0468,0.0,2.2764497448329912
0.47200000000000003,0.0468,0.0,2.218335329595327
0.47250000000000003,0.0468,0.0,2.1628689894736017
0.47300000000000003,0.0468,0.0,2.109951697702798
0.47350000000000003,0.0468,0.0,2.0594869523331885
0.47400000000000003,0.0468,0.0,2.011380675694643
0.47450000000000003,0.0468,0.0,1.965541199307224
0.47500000000000003,0.0468,0.0,1.9218791710465422
0.47550000000000003,0.0468,0.0,1.8803075634494864
0.47600000000000003,0.0468,0.0,1.8407416019570526
0.47650000000000003,0.0468,0.0,1.8030987959299656
0.47700000000000004,0.0468,0.0,1.7672988877708107
0.47750000000000004,0.0468,0.0,1.7332638951419852
0.47800000000000004,0.0468,0.0,1.7009180752580892
0.47850000000000004,0.0468,0.0,1.6701879650841285
0.47900000000000004,0.0468,0.0,1.6410023544723202
0.47950000000000004,0.0468,0.0,1.6132923139114768
0.48,0.0468,0.0,1.5869911717105085
0.4805,0.0468,0.0,1.5620345229791235
0.481,0.0468,0.0,1.5383602080367746
0.4815,0.0468,0.0,1.5159083000587303
0.482,0.0468,0.0,1.494621083531408
0.4825,0.0468,0.0,1.4744430207792096
0.483,0.0468,0.0,1.4553207303734241
0.4835,0.0468,0.0,1.4372029345189241
0.484,0.0468,0.0,1.420040437901868
0.4845,0.0468,0.0,1.403786058848987
0.485,0.0468,0.0,1.3883946093086428
0.4855,0.0468,0.0,1.3738228130387597
0.486,0.0468,0.0,1.3600292873975013
0.4865,0.0468,0.0,1.3469744517811761
0.487,0.0468,0.0,1.3346205117654717
0.4875,0.0468,0.0,1.3229313607616187
0.488,0.0468,0.0,1.31187256687226
0.4885,0.0468,0.0,1.3014112703729985
0.489,0.0468,0.0,1.29151617347251
0.4895,0.0468,0.0,1.2821574358275045
0.49,0.0468,0.0,1.2733066672473623
0.4905,0.0468,0.0,1.264936823055694
0.491,0.0468,0.0,1.2570221996622546
0.4915,0.0468,0.0,1.2495383312175719
0.492,0.0468,0.0,1.2424619878891663
0.4925,0.0468,0.0,1.2357710749267714
0.493,0.0468,0.0,1.2294446334218143
0.4935,0.0468,0.0,1.2234627426145255
0.494,0.0468,0.0,1.2178065228782036
0.4945,0.0468,0.0,1.212458041856607
0.495,0.0468,0.0,1.2074003193922345
0.4955,0.0468,0.0,1.2026172378811841
0.496,0.0468,0.0,1.1980935488534215
0.4965,0.0468,0.0,1.1938147877703988
0.497,0.0468,0.0,1.1897672819622267
0.4975,0.0468,0.0,1.185938069968471
0.498,0.0468,0.0,1.1823149105406865
0.4985,0.0468,0.0,1.1788862065360353
0.499,0.0468,0.0,1.1756410147034748
0.4995,0.0468,0.0,1.1725689740790837
0.5,0.0468,0.0,1.1696603162909347
0.5005000000000001,0.0468,0.0,1.1669057983689446
0.501,0.0468,0.0,1.1642967133263615
0.5015000000000001,0.0468,0.0,1.1618248272807468
0.502,0.0468,0.0,1.1594823900977675
0.5025000000000001,0.0468,0.0,1.157262076716303
0.503,0.0468,0.0,1.1551569976720497
0.5035000000000001,0.0468,0.0,1.1531606445216986
0.504,0.0468,0.0,1.1512669000975553
0.5045000000000001,0.0468,0.0,1.1494699879283037
0.505,0.0468,0.0,1.1477644821080846
0.5055000000000001,0.0468,0.0,1.1461452606107618
0.506,0.0468,0.0,1.1446075146867556
0.5065000000000001,0.0468,0.0,1.14314670596092
0.507,0.0468,0.0,1.1417585752967563
0.5075000000000001,0.0468,0.0,1.1404391035556212
0.508,0.0468,0.0,1.1391845198893895
0.5085000000000001,0.0468,0.0,1.137991266022432
0.509,0.0468,0.0,1.13685600346827
0.5095000000000001,0.0468,0.0,1.1357755842469428
