time [s],Lmtc [m],STIM [ ],Fsee [N]
0.0,0.036000000000000004,0.0,0.054404706619466434
0.0005,0.036000000000000004,0.0,0.054404706619466434
0.001,0.036000000000000004,0.0,0.05440470661946842
0.0015,0.036000000000000004,0.0,0.0544047066194704
0.002,0.036000000000000004,0.0,0.0544047066194704
0.0025,0.036000000000000004,0.0,0.054404706619472394
0.003,0.036000000000000004,0.0,0.05440470661947437
0.0035,0.036000000000000004,0.0,0.05440470661947437
0.004,0.036000000000000004,0.0,0.05440470661947636
0.0045000000000000005,0.036000000000000004,0.0,0.05440470661947636
0.005,0.036000000000000004,0.0,0.05440470661947834
0.0055,0.036000000000000004,0.0,0.05440470661947834
0.006,0.036000000000000004,0.0,0.05440470661948033
0.006500000000000001,0.036000000000000004,0.0,0.05440470661948232
0.007,0.036000000000000004,0.0,0.05440470661948232
0.0075,0.036000000000000004,0.0,0.05440470661948232
0.008,0.036000000000000004,0.0,0.054404706619484294
0.0085,0.036000000000000004,0.0,0.054404706619486286
0.009000000000000001,0.036000000000000004,0.0,0.054404706619486286
0.0095,0.036000000000000004,0.0,0.054404706619486286
0.01,0.036000000000000004,0.0,0.05440470661948826
0.0105,0.036000000000000004,0.0,0.054404706619490255
0.011,0.036000000000000004,0.0,0.054404706619490255
0.0115,0.036000000000000004,0.0,0.054404706619490255
0.012,0.036000000000000004,0.0,0.054404706619490255
0.0125,0.036000000000000004,0.0,0.05440470661949224
0.013000000000000001,0.036000000000000004,0.0,0.05440470661949423
0.0135,0.036000000000000004,0.0,0.05440470661949423
0.014,0.036000000000000004,0.0,0.05440470661949423
0.0145,0.036000000000000004,0.0,0.05440470661949423
0.015,0.036000000000000004,0.0,0.05440470661949621
0.0155,0.036000000000000004,0.0,0.05440470661949621
0.016,0.036000000000000004,0.0,0.054404706619498186
0.0165,0.036000000000000004,0.0,0.054404706619498186
0.017,0.036000000000000004,0.0,0.054404706619498186
0.0175,0.036000000000000004,0.0,0.054404706619498186
0.018000000000000002,0.036000000000000004,0.0,0.05440470661950018
0.0185,0.036000000000000004,0.0,0.05440470661950216
0.019,0.036000000000000004,0.0,0.05440470661950216
0.0195,0.036000000000000004,0.0,0.05440470661950216
0.02,0.036000000000000004,0.0,0.05440470661950216
0.0205,0.036000000000000004,0.0,0.05440470661950216
0.021,0.036000000000000004,0.0,0.05440470661950415
0.021500000000000002,0.036000000000000004,0.0,0.05440470661950613
0.022,0.036000000000000004,0.0,0.05440470661950613
0.0225,0.036000000000000004,0.0,0.05440470661950613
0.023,0.036000000000000004,0.0,0.05440470661950613
0.0235,0.036000000000000004,0.0,0.05440470661950812
0.024,0.036000000000000004,0.0,0.05440470661950812
0.0245,0.036000000000000004,0.0,0.0544047066195101
0.025,0.036000000000000004,0.0,0.0544047066195101
0.025500000000000002,0.036000000000000004,0.0,0.0544047066195101
0.026000000000000002,0.036000000000000004,0.0,0.0544047066195101
0.0265,0.036000000000000004,0.0,0.0544047066195101
0.027,0.036000000000000004,0.0,0.0544047066195101
0.0275,0.036000000000000004,0.0,0.0544047066195101
0.028,0.036000000000000004,0.0,0.0544047066195101
0.0285,0.036000000000000004,0.0,0.054404706619512085
0.029,0.036000000000000004,0.0,0.054404706619512085
0.029500000000000002,0.036000000000000004,0.0,0.054404706619514076
0.03,0.036000000000000004,0.0,0.054404706619514076
0.0305,0.036000000000000004,0.0,0.054404706619514076
0.031,0.036000000000000004,0.0,0.054404706619514076
0.0315,0.036000000000000004,0.0,0.054404706619514076
0.032,0.036000000000000004,0.0,0.054404706619514076
0.0325,0.036000000000000004,0.0,0.054404706619514076
0.033,0.036000000000000004,0.0,0.054404706619514076
0.0335,0.036000000000000004,0.0,0.054404706619514076
0.034,0.036000000000000004,0.0,0.054404706619516054
0.0345,0.036000000000000004,0.0,0.054404706619516054
0.035,0.036000000000000004,0.0,0.054404706619516054
0.035500000000000004,0.036000000000000004,0.0,0.054404706619516054
0.036000000000000004,0.036000000000000004,0.0,0.054404706619518045
0.0365,0.036000000000000004,0.0,0.054404706619518045
0.037,0.036000000000000004,0.0,0.054404706619518045
0.0375,0.036000000000000004,0.0,0.054404706619518045
0.038,0.036000000000000004,0.0,0.054404706619518045
0.0385,0.036000000000000004,0.0,0.054404706619518045
0.039,0.036000000000000004,0.0,0.054404706619518045
0.0395,0.036000000000000004,0.0,0.054404706619518045
0.04,0.036000000000000004,0.0,0.05440470661952002
0.0405,0.036000000000000004,0.0,0.05440470661952002
0.041,0.036000000000000004,0.0,0.054404706619522014
0.0415,0.036000000000000004,0.0,0.054404706619522014
0.042,0.036000000000000004,0.0,0.054404706619522014
0.0425,0.036000000000000004,0.0,0.054404706619522014
0.043000000000000003,0.036000000000000004,0.0,0.054404706619522014
0.043500000000000004,0.036000000000000004,0.0,0.054404706619522014
0.044,0.036000000000000004,0.0,0.054404706619522014
0.0445,0.036000000000000004,0.0,0.054404706619522014
0.045,0.036000000000000004,0.0,0.054404706619524
0.0455,0.036000000000000004,0.0,0.054404706619524
0.046,0.036000000000000004,0.0,0.054404706619524
0.0465,0.036000000000000004,0.0,0.054404706619524
0.047,0.036000000000000004,0.0,0.05440470661952598
0.0475,0.036000000000000004,0.0,0.05440470661952598
0.048,0.036000000000000004,0.0,0.05440470661952598
0.0485,0.036000000000000004,0.0,0.05440470661952598
0.049,0.036000000000000004,0.0,0.05440470661952598
0.0495,0.036000000000000004,0.0,0.05440470661952598
0.05,0.036000000000000004,0.0,0.05440470661952598
0.0505,0.036000000000000004,0.0,0.05440470661952598
0.051000000000000004,0.036000000000000004,0.0,0.05440470661952797
0.051500000000000004,0.036000000000000004,0.0,0.05440470661952797
0.052000000000000005,0.036000000000000004,0.0,0.05440470661952797
0.0525,0.036000000000000004,0.0,0.054404706619529945
0.053,0.036000000000000004,0.0,0.054404706619529945
0.0535,0.036000000000000004,0.0,0.054404706619529945
0.054,0.036000000000000004,0.0,0.054404706619529945
0.0545,0.036000000000000004,0.0,0.054404706619529945
0.055,0.036000000000000004,0.0,0.054404706619529945
0.0555,0.036000000000000004,0.0,0.054404706619529945
0.056,0.036000000000000004,0.0,0.054404706619529945
0.0565,0.036000000000000004,0.0,0.054404706619529945
0.057,0.036000000000000004,0.0,0.054404706619529945
0.0575,0.036000000000000004,0.0,0.054404706619529945
0.058,0.036000000000000004,0.0,0.054404706619529945
0.0585,0.036000000000000004,0.0,0.054404706619529945
0.059000000000000004,0.036000000000000004,0.0,0.054404706619529945
0.059500000000000004,0.036000000000000004,0.0,0.054404706619529945
0.06,0.036000000000000004,0.0,0.054404706619529945
0.0605,0.036000000000000004,0.0,0.054404706619529945
0.061,0.036000000000000004,0.0,0.054404706619529945
0.0615,0.036000000000000004,0.0,0.054404706619529945
0.062,0.036000000000000004,0.0,0.054404706619529945
0.0625,0.036000000000000004,0.0,0.054404706619529945
0.063,0.036000000000000004,0.0,0.054404706619529945
0.0635,0.036000000000000004,0.0,0.054404706619529945
0.064,0.036000000000000004,0.0,0.054404706619529945
0.0645,0.036000000000000004,0.0,0.054404706619529945
0.065,0.036000000000000004,0.0,0.054404706619529945
0.0655,0.036000000000000004,0.0,0.054404706619529945
0.066,0.036000000000000004,0.0,0.054404706619529945
0.0665,0.036000000000000004,0.0,0.054404706619529945
0.067,0.036000000000000004,0.0,0.054404706619529945
0.0675,0.036000000000000004,0.0,0.054404706619529945
0.068,0.036000000000000004,0.0,0.054404706619529945
0.0685,0.036000000000000004,0.0,0.054404706619529945
0.069,0.036000000000000004,0.0,0.054404706619529945
0.0695,0.036000000000000004,0.0,0.054404706619529945
0.07,0.036000000000000004,0.0,0.054404706619529945
0.07050000000000001,0.036000000000000004,0.0,0.054404706619529945
0.07100000000000001,0.036000000000000004,0.0,0.054404706619529945
0.07150000000000001,0.036000000000000004,0.0,0.054404706619529945
0.07200000000000001,0.036000000000000004,0.0,0.054404706619529945
0.0725,0.036000000000000004,0.0,0.054404706619529945
0.073,0.036000000000000004,0.0,0.054404706619529945
0.0735,0.036000000000000004,0.0,0.054404706619529945
0.074,0.036000000000000004,0.0,0.054404706619529945
0.0745,0.036000000000000004,0.0,0.054404706619529945
0.075,0.036000000000000004,0.0,0.054404706619529945
0.0755,0.036000000000000004,0.0,0.054404706619529945
0.076,0.036000000000000004,0.0,0.054404706619529945
0.0765,0.036000000000000004,0.0,0.054404706619529945
0.077,0.036000000000000004,0.0,0.054404706619529945
0.0775,0.036000000000000004,0.0,0.054404706619529945
0.078,0.036000000000000004,0.0,0.054404706619529945
0.0785,0.036000000000000004,0.0,0.054404706619529945
0.079,0.036000000000000004,0.0,0.054404706619529945
0.0795,0.036000000000000004,0.0,0.054404706619529945
0.08,0.036000000000000004,0.0,0.054404706619529945
0.0805,0.036000000000000004,0.0,0.054404706619529945
0.081,0.036000000000000004,0.0,0.054404706619529945
0.0815,0.036000000000000004,0.0,0.054404706619529945
0.082,0.036000000000000004,0.0,0.054404706619529945
0.0825,0.036000000000000004,0.0,0.054404706619529945
0.083,0.036000000000000004,0.0,0.054404706619529945
0.0835,0.036000000000000004,0.0,0.054404706619529945
0.084,0.036000000000000004,0.0,0.054404706619529945
0.0845,0.036000000000000004,0.0,0.054404706619529945
0.085,0.036000000000000004,0.0,0.054404706619529945
0.0855,0.036000000000000004,0.0,0.054404706619529945
0.08600000000000001,0.036000000000000004,0.0,0.054404706619529945
0.08650000000000001,0.036000000000000004,0.0,0.054404706619529945
0.08700000000000001,0.036000000000000004,0.0,0.054404706619529945
0.08750000000000001,0.036000000000000004,0.0,0.054404706619529945
0.088,0.036000000000000004,0.0,0.054404706619529945
0.0885,0.036000000000000004,0.0,0.054404706619529945
0.089,0.036000000000000004,0.0,0.054404706619529945
0.0895,0.036000000000000004,0.0,0.054404706619529945
0.09,0.036000000000000004,0.0,0.054404706619529945
0.0905,0.036000000000000004,0.0,0.054404706619529945
0.091,0.036000000000000004,0.0,0.054404706619529945
0.0915,0.036000000000000004,0.0,0.054404706619529945
0.092,0.036000000000000004,0.0,0.054404706619529945
0.0925,0.036000000000000004,0.0,0.054404706619529945
0.093,0.036000000000000004,0.0,0.054404706619529945
0.0935,0.036000000000000004,0.0,0.054404706619529945
0.094,0.036000000000000004,0.0,0.054404706619529945
0.0945,0.036000000000000004,0.0,0.054404706619529945
0.095,0.036000000000000004,0.0,0.054404706619529945
0.0955,0.036000000000000004,0.0,0.054404706619529945
0.096,0.036000000000000004,0.0,0.054404706619529945
0.0965,0.036000000000000004,0.0,0.054404706619529945
0.097,0.036000000000000004,0.0,0.054404706619529945
0.0975,0.036000000000000004,0.0,0.054404706619529945
0.098,0.036000000000000004,0.0,0.054404706619529945
0.0985,0.036000000000000004,0.0,0.054404706619529945
0.099,0.036000000000000004,0.0,0.054404706619529945
0.0995,0.036000000000000004,0.0,0.054404706619529945
0.1,0.036000000000000004,1.0,0.054404706619529945
0.1005,0.036000000000000004,1.0,0.05441240726106781
0.101,0.036000000000000004,1.0,0.05455253206377893
0.1015,0.036000000000000004,1.0,0.0551639770881745
0.10200000000000001,0.036000000000000004,1.0,0.05674119868614017
0.10250000000000001,0.036000000000000004,1.0,0.05991868217985221
0.10300000000000001,0.036000000000000004,1.0,0.0657078649286245
0.10350000000000001,0.036000000000000004,1.0,0.07596836137952385
0.10400000000000001,0.036000000000000004,1.0,0.0937511689387443
0.1045,0.036000000000000004,1.0,0.12262329574997798
0.105,0.036000000000000004,1.0,0.16454594703467715
0.1055,0.036000000000000004,1.0,0.21858799783636018
0.106,0.036000000000000004,1.0,0.2822446380119241
0.1065,0.036000000000000004,1.0,0.35317320242880906
0.107,0.036000000000000004,1.0,0.4297146189342798
0.1075,0.036000000000000004,1.0,0.5107450798445456
0.108,0.036000000000000004,1.0,0.5954390820122993
0.1085,0.036000000000000004,1.0,0.6831347132505036
0.109,0.036000000000000004,1.0,0.7732615341677196
0.1095,0.036000000000000004,1.0,0.8653136759743323
0.11,0.036000000000000004,1.0,0.9588369574657595
0.1105,0.036000000000000004,1.0,1.053423746048889
0.111,0.036000000000000004,1.0,1.1487091541334546
0.1115,0.036000000000000004,1.0,1.2443686995250467
0.112,0.036000000000000004,1.0,1.3401152453134761
0.1125,0.036000000000000004,1.0,1.4356965909516797
0.113,0.036000000000000004,1.0,1.5308922355764607
0.1135,0.036000000000000004,1.0,1.6255109708625026
0.114,0.036000000000000004,1.0,1.719387632016949
0.1145,0.036000000000000004,1.0,1.8123809560116488
0.115,0.036000000000000004,1.0,1.9043705334283751
0.1155,0.036000000000000004,1.0,1.9952550598928582
0.116,0.036000000000000004,1.0,2.084949607314395
0.1165,0.036000000000000004,1.0,2.1733842853480554
0.117,0.036000000000000004,1.0,2.2605018705014825
0.11750000000000001,0.036000000000000004,1.0,2.346256836728283
0.11800000000000001,0.036000000000000004,1.0,2.4306133329076554
0.11850000000000001,0.036000000000000004,1.0,2.5135445201229047
0.11900000000000001,0.036000000000000004,1.0,2.5950308644724887
0.11950000000000001,0.036000000000000004,1.0,2.675059716541373
0.12,0.036000000000000004,1.0,2.7536238779642432
0.1205,0.036000000000000004,1.0,2.83072136539982
0.121,0.036000000000000004,1.0,2.9063542088917105
0.1215,0.036000000000000004,1.0,2.980528352434881
0.122,0.036000000000000004,1.0,3.053252645706225
0.1225,0.036000000000000004,1.0,3.124538843175443
0.123,0.036000000000000004,1.0,3.194400755785658
0.1235,0.036000000000000004,1.0,3.2628543192764687
0.124,0.036000000000000004,1.0,3.329916877616841
0.1245,0.036000000000000004,1.0,3.395607298403573
0.125,0.036000000000000004,1.0,3.459945364682721
0.1255,0.036000000000000004,1.0,3.5229519209932896
0.126,0.036000000000000004,1.0,3.5846483544265553
0.1265,0.036000000000000004,1.0,3.64505675929329
0.127,0.036000000000000004,1.0,3.7041994918181347
0.1275,0.036000000000000004,1.0,3.762099344754351
0.128,0.036000000000000004,1.0,3.8187791630365298
0.1285,0.036000000000000004,1.0,3.8742620221730952
0.129,0.036000000000000004,1.0,3.9285708945637805
0.1295,0.036000000000000004,1.0,3.9817288273589675
0.13,0.036000000000000004,1.0,4.0337586510749315
0.1305,0.036000000000000004,1.0,4.08468315397635
0.131,0.036000000000000004,1.0,4.134524826173829
0.1315,0.036000000000000004,1.0,4.183306028583451
0.132,0.036000000000000004,1.0,4.231048766938747
0.1325,0.036000000000000004,1.0,4.2777748541033835
0.133,0.036000000000000004,1.0,4.3235057094333245
0.1335,0.036000000000000004,1.0,4.368262513736637
0.134,0.036000000000000004,1.0,4.41206603022955
0.1345,0.036000000000000004,1.0,4.454936751805651
0.135,0.036000000000000004,1.0,4.4968947404813875
0.1355,0.036000000000000004,1.0,4.537959766894307
0.136,0.036000000000000004,1.0,4.578151165661408
0.1365,0.036000000000000004,1.0,4.617487967203048
0.137,0.036000000000000004,1.0,4.655988766865978
0.1375,0.036000000000000004,1.0,4.693671849287699
0.138,0.036000000000000004,1.0,4.730555069485249
0.1385,0.036000000000000004,1.0,4.766655970050827
0.139,0.036000000000000004,1.0,4.801991672692761
0.1395,0.036000000000000004,1.0,4.836578988598543
0.14,0.036000000000000004,1.0,4.870434319149191
0.1405,0.036000000000000004,1.0,4.903573759809524
0.14100000000000001,0.036000000000000004,1.0,4.9360130089304395
0.14150000000000001,0.036000000000000004,1.0,4.967767465534645
0.14200000000000002,0.036000000000000004,1.0,4.998852145281578
0.14250000000000002,0.036000000000000004,1.0,5.029281772515024
0.14300000000000002,0.036000000000000004,1.0,5.059070702597952
0.14350000000000002,0.036000000000000004,1.0,5.088233008579656
0.14400000000000002,0.036000000000000004,1.0,5.116782409218938
0.1445,0.036000000000000004,1.0,5.144732350614481
0.145,0.036000000000000004,1.0,5.172095939327859
0.1455,0.036000000000000004,1.0,5.198886019304247
0.146,0.036000000000000004,1.0,5.225115109585269
0.1465,0.036000000000000004,1.0,5.250795476829121
0.147,0.036000000000000004,1.0,5.275939077168772
0.1475,0.036000000000000004,1.0,5.300557624622268
0.148,0.036000000000000004,1.0,5.324662536708109
0.1485,0.036000000000000004,1.0,5.348264999017306
0.149,0.036000000000000004,1.0,5.371375914245335
0.1495,0.036000000000000004,1.0,5.394005963179641
0.15,0.036000000000000004,1.0,5.416165556848179
0.1505,0.036000000000000004,1.0,5.437864894158042
0.151,0.036000000000000004,1.0,5.459113916895732
0.1515,0.036000000000000004,1.0,5.479922364235981
0.152,0.036000000000000004,1.0,5.500299730358572
0.1525,0.036000000000000004,1.0,5.520255316030869
0.153,0.036000000000000004,1.0,5.539798188631757
0.1535,0.036000000000000004,1.0,5.558937230996362
0.154,0.036000000000000004,1.0,5.5776811036604785
0.1545,0.036000000000000004,1.0,5.596038291142182
0.155,0.036000000000000004,1.0,5.614017066239256
0.1555,0.036000000000000004,1.0,5.631625533909455
0.156,0.036000000000000004,1.0,5.648871597470854
0.1565,0.036000000000000004,1.0,5.665763000230705
0.157,0.036000000000000004,1.0,5.68230729345297
0.1575,0.036000000000000004,1.0,5.698511875874822
0.158,0.036000000000000004,1.0,5.7143839633190625
0.1585,0.036000000000000004,1.0,5.729930626227013
0.159,0.036000000000000004,1.0,5.745158760804798
0.1595,0.036000000000000004,1.0,5.760075124692047
0.16,0.036000000000000004,1.0,5.774686309541263
0.1605,0.036000000000000004,1.0,5.788998774933317
0.161,0.036000000000000004,1.0,5.80301882229774
0.1615,0.036000000000000004,1.0,5.816752627178193
0.162,0.036000000000000004,1.0,5.830206214409638
0.1625,0.036000000000000004,1.0,5.8433854888295
0.163,0.036000000000000004,1.0,5.856296211634831
0.1635,0.036000000000000004,1.0,5.8689440296281035
0.164,0.036000000000000004,1.0,5.881334452683748
0.1645,0.036000000000000004,1.0,5.893472881611721
0.165,0.036000000000000004,1.0,5.905364586668094
0.1655,0.036000000000000004,1.0,5.917014734113705
0.166,0.036000000000000004,1.0,5.928428365709155
0.1665,0.036000000000000004,1.0,5.939610424040125
0.167,0.036000000000000004,1.0,5.9505657329415875
0.1675,0.036000000000000004,1.0,5.961299021657255
0.168,0.036000000000000004,1.0,5.971814906141385
0.1685,0.036000000000000004,1.0,5.9821179121151395
0.169,0.036000000000000004,1.0,5.992212457198688
0.1695,0.036000000000000004,1.0,6.00210287292304
0.17,0.036000000000000004,1.0,6.011793387648196
0.1705,0.036000000000000004,1.0,6.0212881475854045
0.171,0.036000000000000004,1.0,6.030591200460221
0.1715,0.036000000000000004,1.0,6.039706515596783
0.17200000000000001,0.036000000000000004,1.0,6.048637968287123
0.17250000000000001,0.036000000000000004,1.0,6.057389358985799
0.17300000000000001,0.036000000000000004,1.0,6.065964398349875
0.17350000000000002,0.036000000000000004,1.0,6.07436672558872
0.17400000000000002,0.036000000000000004,1.0,6.082599894141359
0.17450000000000002,0.036000000000000004,1.0,6.090667389224027
0.17500000000000002,0.036000000000000004,1.0,6.098572614113333
0.17550000000000002,0.036000000000000004,1.0,6.106318906931551
0.176,0.036000000000000004,1.0,6.113909527506058
0.1765,0.036000000000000004,1.0,6.1213476734300345
0.177,0.036000000000000004,1.0,6.128636467470469
0.1775,0.036000000000000004,1.0,6.135778972939631
0.178,0.036000000000000004,1.0,6.142778181625611
0.1785,0.036000000000000004,1.0,6.14963702850781
0.179,0.036000000000000004,1.0,6.1563583801856065
0.1795,0.036000000000000004,1.0,6.1629450489692115
0.18,0.036000000000000004,1.0,6.169399781783433
0.1805,0.036000000000000004,1.0,6.1757252736634864
0.181,0.036000000000000004,1.0,6.181924157112004
0.1815,0.036000000000000004,1.0,6.187999015027809
0.182,0.036000000000000004,1.0,6.193952370495657
0.1825,0.036000000000000004,1.0,6.199786699174354
0.183,0.036000000000000004,1.0,6.205504419499743
0.1835,0.036000000000000004,1.0,6.211107904557258
0.184,0.036000000000000004,1.0,6.216599472679567
0.1845,0.036000000000000004,1.0,6.221981398827273
0.185,0.036000000000000004,1.0,6.227255905563958
0.1855,0.036000000000000004,1.0,6.232425173967174
0.186,0.036000000000000004,1.0,6.237491334964413
0.1865,0.036000000000000004,1.0,6.242456479795725
0.187,0.036000000000000004,1.0,6.247322651694679
0.1875,0.036000000000000004,1.0,6.25209185592296
0.188,0.036000000000000004,1.0,6.256766051781375
0.1885,0.036000000000000004,1.0,6.261347162235324
0.189,0.036000000000000004,1.0,6.2658370662419784
0.1895,0.036000000000000004,1.0,6.270237607984459
0.19,0.036000000000000004,1.0,6.2745505895018585
0.1905,0.036000000000000004,1.0,6.278777779549401
0.191,0.036000000000000004,1.0,6.282920906518359
0.1915,0.036000000000000004,1.0,6.286981666938564
0.192,0.036000000000000004,1.0,6.290961718676044
0.1925,0.036000000000000004,1.0,6.294862689093487
0.193,0.036000000000000004,1.0,6.2986861685139015
0.1935,0.036000000000000004,1.0,6.302433718053774
0.194,0.036000000000000004,1.0,6.3061068633417054
0.1945,0.036000000000000004,1.0,6.309707102038513
0.195,0.036000000000000004,1.0,6.3132358978001175
0.1955,0.036000000000000004,1.0,6.316694687497695
0.196,0.036000000000000004,1.0,6.320084875415273
0.1965,0.036000000000000004,1.0,6.323407840182536
0.197,0.036000000000000004,1.0,6.326664929197241
0.1975,0.036000000000000004,1.0,6.329857465283033
0.198,0.036000000000000004,1.0,6.332986741327477
0.1985,0.036000000000000004,1.0,6.33605402667658
0.199,0.036000000000000004,1.0,6.339060561979572
0.1995,0.036000000000000004,1.0,6.342007565330914
0.2,0.036000000000000004,1.0,6.344896227313865
0.2005,0.036000000000000004,1.0,6.347727716900475
0.201,0.036000000000000004,1.0,6.3505031766856535
0.2015,0.036000000000000004,1.0,6.3532237285552915
0.202,0.036000000000000004,1.0,6.35589046910339
0.2025,0.036000000000000004,1.0,6.358504475077713
0.203,0.036000000000000004,1.0,6.361066798972562
0.20350000000000001,0.036000000000000004,1.0,6.363578474261376
0.20400000000000001,0.036000000000000004,1.0,6.36604051115803
0.20450000000000002,0.036000000000000004,1.0,6.36845390164511
0.20500000000000002,0.036000000000000004,1.0,6.3708196153970045
0.20550000000000002,0.036000000000000004,1.0,6.373138604612177
0.20600000000000002,0.036000000000000004,1.0,6.375411800091904
0.20650000000000002,0.036000000000000004,1.0,6.377640115884237
0.20700000000000002,0.036000000000000004,1.0,6.379824445512308
0.20750000000000002,0.036000000000000004,1.0,6.381965666437769
0.20800000000000002,0.036000000000000004,1.0,6.3840646364325755
0.2085,0.036000000000000004,1.0,6.386122197869307
0.209,0.036000000000000004,1.0,6.388139174230862
0.2095,0.036000000000000004,1.0,6.390116374234519
0.21,0.036000000000000004,1.0,6.392054588474169
0.2105,0.036000000000000004,1.0,6.393954593384821
0.211,0.036000000000000004,1.0,6.395817148012204
0.2115,0.036000000000000004,1.0,6.3976429978241915
0.212,0.036000000000000004,1.0,6.399432871602619
0.2125,0.036000000000000004,1.0,6.401187485107829
0.213,0.036000000000000004,1.0,6.402907538088083
0.2135,0.036000000000000004,1.0,6.4045937178029115
0.214,0.036000000000000004,1.0,6.406246696145583
0.2145,0.036000000000000004,1.0,6.407867133030951
0.215,0.036000000000000004,1.0,6.409455673626575
0.2155,0.036000000000000004,1.0,6.411012951610385
0.216,0.036000000000000004,1.0,6.412539586506316
0.2165,0.036000000000000004,1.0,6.4140361868169515
0.217,0.036000000000000004,1.0,6.415503347459528
0.2175,0.036000000000000004,1.0,6.416941652778628
0.218,0.036000000000000004,1.0,6.418351674078675
0.2185,0.036000000000000004,1.0,6.419733972521242
0.219,0.036000000000000004,1.0,6.421089096750552
0.2195,0.036000000000000004,1.0,6.422417585679826
0.22,0.036000000000000004,1.0,6.423719966206149
0.2205,0.036000000000000004,1.0,6.424996755890371
0.221,0.036000000000000004,1.0,6.426248460757819
0.2215,0.036000000000000004,1.0,6.427475577875881
0.222,0.036000000000000004,1.0,6.4286785932373425
0.2225,0.036000000000000004,1.0,6.429857984239694
0.223,0.036000000000000004,1.0,6.431014217647856
0.2235,0.036000000000000004,1.0,6.43214775197899
0.224,0.036000000000000004,1.0,6.433259035541747
0.2245,0.036000000000000004,1.0,6.434348508730218
0.225,0.036000000000000004,1.0,6.435416602136611
0.2255,0.036000000000000004,1.0,6.436463738758062
0.226,0.036000000000000004,1.0,6.437490332179992
0.2265,0.036000000000000004,1.0,6.4384967886989015
0.227,0.036000000000000004,1.0,6.4394835055739845
0.2275,0.036000000000000004,1.0,6.440450873069121
0.228,0.036000000000000004,1.0,6.441399272769896
0.2285,0.036000000000000004,1.0,6.442329079548263
0.229,0.036000000000000004,1.0,6.443240659942332
0.2295,0.036000000000000004,1.0,6.444134374046635
0.23,0.036000000000000004,1.0,6.44501057395247
0.2305,0.036000000000000004,1.0,6.4458696055664415
0.231,0.036000000000000004,1.0,6.446711807109184
0.2315,0.036000000000000004,1.0,6.447537510864983
0.232,0.036000000000000004,1.0,6.448347041736568
0.2325,0.036000000000000004,1.0,6.449140718928487
0.233,0.036000000000000004,1.0,6.449918854555938
0.2335,0.036000000000000004,1.0,6.450681755264353
0.234,0.036000000000000004,1.0,6.451429720890212
0.23450000000000001,0.036000000000000004,1.0,6.452163046019365
0.23500000000000001,0.036000000000000004,1.0,6.452882018697836
0.23550000000000001,0.036000000000000004,1.0,6.453586921931225
0.23600000000000002,0.036000000000000004,1.0,6.454278032443636
0.23650000000000002,0.036000000000000004,1.0,6.454955622120425
0.23700000000000002,0.036000000000000004,1.0,6.4556199568132815
0.23750000000000002,0.036000000000000004,1.0,6.4562712977287475
0.23800000000000002,0.036000000000000004,1.0,6.456909900277661
0.23850000000000002,0.036000000000000004,1.0,6.457536015411276
0.23900000000000002,0.036000000000000004,1.0,6.45814988851368
0.23950000000000002,0.036000000000000004,1.0,6.458751760687446
0.24,0.036000000000000004,1.0,6.459341867687307
0.2405,0.036000000000000004,1.0,6.459920441157328
0.241,0.036000000000000004,1.0,6.460487707604382
0.2415,0.036000000000000004,1.0,6.461043889588582
0.242,0.036000000000000004,1.0,6.4615892047349845
0.2425,0.036000000000000004,1.0,6.4621238668792405
0.243,0.036000000000000004,1.0,6.462648085116106
0.2435,0.036000000000000004,1.0,6.463162064901881
0.244,0.036000000000000004,1.0,6.463666007138249
0.2445,0.036000000000000004,1.0,6.464160109233405
0.245,0.036000000000000004,1.0,6.464644564219852
0.2455,0.036000000000000004,1.0,6.465119561775664
0.246,0.036000000000000004,1.0,6.4655852873750606
0.2465,0.036000000000000004,1.0,6.466041923271213
0.247,0.036000000000000004,1.0,6.466489647678484
0.2475,0.036000000000000004,1.0,6.466928635718276
0.248,0.036000000000000004,1.0,6.467359058631538
0.2485,0.036000000000000004,1.0,6.467781084689281
0.249,0.036000000000000004,1.0,6.468194878434212
0.2495,0.036000000000000004,1.0,6.468600601557003
0.25,0.036000000000000004,1.0,6.468998412166155
0.2505,0.036000000000000004,1.0,6.469388465631467
0.251,0.036000000000000004,1.0,6.469770913880847
0.2515,0.036000000000000004,1.0,6.470145906212104
0.252,0.036000000000000004,1.0,6.4705135886161
0.2525,0.036000000000000004,1.0,6.470874104557833
0.253,0.036000000000000004,1.0,6.471227594324818
0.2535,0.036000000000000004,1.0,6.471574195778822
0.254,0.036000000000000004,1.0,6.471914043728513
0.2545,0.036000000000000004,1.0,6.472247270652968
0.255,0.036000000000000004,1.0,6.472574006097502
0.2555,0.036000000000000004,1.0,6.472894377370141
0.256,0.036000000000000004,1.0,6.473208508959909
0.2565,0.036000000000000004,1.0,6.473516523207159
0.257,0.036000000000000004,1.0,6.473818539743285
0.2575,0.036000000000000004,1.0,6.4741146761361525
0.258,0.036000000000000004,1.0,6.47440504735053
0.2585,0.036000000000000004,1.0,6.474689766369212
0.259,0.036000000000000004,1.0,6.474968943673649
0.2595,0.036000000000000004,1.0,6.475242687841683
0.26,0.036000000000000004,1.0,6.475511105047417
0.2605,0.036000000000000004,1.0,6.475774299636695
0.261,0.036000000000000004,1.0,6.4760323736453405
0.2615,0.036000000000000004,1.0,6.476285427353218
0.262,0.036000000000000004,1.0,6.476533558820319
0.2625,0.036000000000000004,1.0,6.476776864420007
0.263,0.036000000000000004,1.0,6.477015438392392
0.2635,0.036000000000000004,1.0,6.477249373357529
0.264,0.036000000000000004,1.0,6.47747875988537
0.2645,0.036000000000000004,1.0,6.477703686989822
0.265,0.036000000000000004,1.0,6.477924241714596
0.2655,0.036000000000000004,1.0,6.478140509608757
0.266,0.036000000000000004,1.0,6.478352574327845
0.2665,0.036000000000000004,1.0,6.478560518091861
0.267,0.036000000000000004,1.0,6.47876442130101
0.2675,0.036000000000000004,1.0,6.478964362976472
0.268,0.036000000000000004,1.0,6.47916042039061
0.2685,0.036000000000000004,1.0,6.479352669491059
0.269,0.036000000000000004,1.0,6.479541184544727
0.2695,0.036000000000000004,1.0,6.479726038546055
0.27,0.036000000000000004,1.0,6.479907302874061
0.2705,0.036000000000000004,1.0,6.480085047685549
0.271,0.036000000000000004,1.0,6.480259341584702
0.2715,0.036000000000000004,1.0,6.4804302520015575
0.272,0.036000000000000004,1.0,6.480597844874
0.2725,0.036000000000000004,1.0,6.480762185012012
0.273,0.036000000000000004,1.0,6.480923335791411
0.2735,0.036000000000000004,1.0,6.481081359504488
0.274,0.036000000000000004,1.0,6.481236317065136
0.2745,0.036000000000000004,1.0,6.481388268346406
0.275,0.036000000000000004,1.0,6.481537271896396
0.2755,0.036000000000000004,1.0,6.4816833852634606
0.276,0.036000000000000004,1.0,6.481826664722372
0.2765,0.036000000000000004,1.0,6.4819671655875135
0.277,0.036000000000000004,1.0,6.482104941949166
0.2775,0.036000000000000004,1.0,6.482240046974912
0.278,0.036000000000000004,1.0,6.482372532655832
0.2785,0.036000000000000004,1.0,6.482502450096602
0.279,0.036000000000000004,1.0,6.482629849270984
0.2795,0.036000000000000004,1.0,6.482754779301183
0.28,0.036000000000000004,1.0,6.4828772882224115
0.2805,0.036000000000000004,1.0,6.482997423251805
0.281,0.036000000000000004,1.0,6.483115230561601
0.28150000000000003,0.036000000000000004,1.0,6.483230755538126
0.28200000000000003,0.036000000000000004,1.0,6.48334404256341
0.28250000000000003,0.036000000000000004,1.0,6.483455135264299
0.28300000000000003,0.036000000000000004,1.0,6.483564076302362
0.28350000000000003,0.036000000000000004,1.0,6.48367090761363
0.28400000000000003,0.036000000000000004,1.0,6.483775670206241
0.28450000000000003,0.036000000000000004,1.0,6.483878404391361
0.28500000000000003,0.036000000000000004,1.0,6.483979149588077
0.28550000000000003,0.036000000000000004,1.0,6.484077944545971
0.28600000000000003,0.036000000000000004,1.0,6.484174827157096
0.28650000000000003,0.036000000000000004,1.0,6.484269834670196
0.28700000000000003,0.036000000000000004,1.0,6.484363003509797
0.28750000000000003,0.036000000000000004,1.0,6.484454369482246
0.28800000000000003,0.036000000000000004,1.0,6.484543967601648
0.2885,0.036000000000000004,1.0,6.484631832288206
0.289,0.036000000000000004,1.0,6.48471799720048
0.2895,0.036000000000000004,1.0,6.484802495426445
0.29,0.036000000000000004,1.0,6.484885359321878
0.2905,0.036000000000000004,1.0,6.484966620694397
0.291,0.036000000000000004,1.0,6.485046310647718
0.2915,0.036000000000000004,1.0,6.485124459758853
0.292,0.036000000000000004,1.0,6.4852010979282
0.2925,0.036000000000000004,1.0,6.485276254550038
0.293,0.036000000000000004,1.0,6.4853499583682295
0.2935,0.036000000000000004,1.0,6.485422237640342
0.294,0.036000000000000004,1.0,6.485493119998625
0.2945,0.036000000000000004,1.0,6.485562632608168
0.295,0.036000000000000004,1.0,6.485630802032837
0.2955,0.036000000000000004,1.0,6.48569765438765
0.296,0.036000000000000004,1.0,6.485763215209678
0.2965,0.036000000000000004,1.0,6.485827509604624
0.297,0.036000000000000004,1.0,6.485890562122663
0.2975,0.036000000000000004,1.0,6.485952396899449
0.298,0.036000000000000004,1.0,6.486013037536537
0.2985,0.036000000000000004,1.0,6.486072507237239
0.299,0.036000000000000004,1.0,6.486130828691376
0.2995,0.036000000000000004,1.0,6.4861859055269395
0.3,0.036000000000000004,1.0,6.486251983064098
0.3005,0.03599,1.0,6.424441533154453
0.301,0.035980000000000005,1.0,6.363812552215797
0.3015,0.03597,1.0,6.304342192945498
0.302,0.035960000000000006,1.0,6.246006836887681
0.3025,0.03595,1.0,6.1887831324622224
0.303,0.03594000000000001,1.0,6.1326479860945025
0.3035,0.035930000000000004,1.0,6.077578578345487
0.304,0.03592000000000001,1.0,6.023552358840079
0.3045,0.035910000000000004,1.0,5.970547060400885
0.305,0.0359,1.0,5.918540695506067
0.3055,0.035890000000000005,1.0,5.867511567457718
0.306,0.03588,1.0,5.8174382682856765
0.3065,0.035870000000000006,1.0,5.768299687065132
0.307,0.03586,1.0,5.72007500917951
0.3075,0.03585000000000001,1.0,5.672743721916789
0.308,0.035840000000000004,1.0,5.626285615000953
0.3085,0.03583,1.0,5.580680783610013
0.309,0.035820000000000005,1.0,5.535909630083273
0.3095,0.03581,1.0,5.491955118339453
0.31,0.035800000000000005,1.0,5.448783136931543
0.3105,0.035800000000000005,1.0,5.463097792502236
0.311,0.035800000000000005,1.0,5.477083974769313
0.3115,0.035800000000000005,1.0,5.4907485718310785
0.312,0.035800000000000005,1.0,5.504099321766422
0.3125,0.035800000000000005,1.0,5.517143772211207
0.313,0.035800000000000005,1.0,5.529889260569437
0.3135,0.035800000000000005,1.0,5.54234294717358
0.314,0.035800000000000005,1.0,5.554511794816258
0.3145,0.035800000000000005,1.0,5.566402599247772
0.315,0.035800000000000005,1.0,5.578021970122186
0.3155,0.035800000000000005,1.0,5.589376359425665
0.316,0.035800000000000005,1.0,5.600472043718201
0.3165,0.035800000000000005,1.0,5.611315150660913
0.317,0.035800000000000005,1.0,5.621911642446779
0.3175,0.035800000000000005,1.0,5.632267340578642
0.318,0.035800000000000005,1.0,5.642387910392806
0.3185,0.035800000000000005,1.0,5.652278884225331
0.319,0.035800000000000005,1.0,5.661945646941608
0.3195,0.035800000000000005,1.0,5.671393457615755
0.32,0.035800000000000005,1.0,5.680627435987697
0.3205,0.035800000000000005,1.0,5.689652582769073
0.321,0.035800000000000005,1.0,5.698473766956256
0.3215,0.035800000000000005,1.0,5.707095744866345
0.322,0.035800000000000005,1.0,5.715523148241432
0.3225,0.035800000000000005,1.0,5.723760502108522
0.323,0.035800000000000005,1.0,5.731812213616256
0.3235,0.035800000000000005,1.0,5.739682588804769
0.324,0.035800000000000005,1.0,5.747375822121016
0.3245,0.035800000000000005,1.0,5.75489601217708
0.325,0.035800000000000005,1.0,5.7622471518953144
0.3255,0.035800000000000005,1.0,5.769433143326829
0.326,0.035800000000000005,1.0,5.776457788381533
0.3265,0.035800000000000005,1.0,5.783324802772792
0.327,0.035800000000000005,1.0,5.790037807291323
0.3275,0.035800000000000005,1.0,5.79660034093651
0.328,0.035800000000000005,1.0,5.803015852696481
0.3285,0.035800000000000005,1.0,5.8092877139214565
0.329,0.035800000000000005,1.0,5.815419210575872
0.3295,0.035800000000000005,1.0,5.821413554904435
0.33,0.035800000000000005,1.0,5.827273878124683
0.3305,0.035800000000000005,1.0,5.833003241432856
0.331,0.035800000000000005,1.0,5.8386046291075875
0.3315,0.035800000000000005,1.0,5.8440809588990765
0.332,0.035800000000000005,1.0,5.849435075516767
0.3325,0.035800000000000005,1.0,5.854669760441929
0.333,0.035800000000000005,1.0,5.859787725774616
0.3335,0.035800000000000005,1.0,5.86479162350648
0.334,0.035800000000000005,1.0,5.869684039704026
0.3345,0.035800000000000005,1.0,5.874467503275968
0.335,0.035800000000000005,1.0,5.879144480471647
0.3355,0.035800000000000005,1.0,5.883717383174226
0.336,0.035800000000000005,1.0,5.888188563694973
0.3365,0.035800000000000005,1.0,5.8925603226215495
0.337,0.035800000000000005,1.0,5.896834903889842
0.3375,0.035800000000000005,1.0,5.901014502214711
0.338,0.035800000000000005,1.0,5.905101258422348
0.3385,0.035800000000000005,1.0,5.909097266488843
0.339,0.035800000000000005,1.0,5.913004569117356
0.3395,0.035800000000000005,1.0,5.916825164407994
0.34,0.035800000000000005,1.0,5.920561001665274
0.3405,0.035800000000000005,1.0,5.9242139877210445
0.341,0.035800000000000005,1.0,5.927785982958713
0.3415,0.035800000000000005,1.0,5.931278807309632
0.342,0.035800000000000005,1.0,5.934694236481478
0.3425,0.035800000000000005,1.0,5.938034007646882
0.343,0.035800000000000005,1.0,5.94129981586432
0.3435,0.035800000000000005,1.0,5.944493319476743
0.34400000000000003,0.035800000000000005,1.0,5.947616136713765
0.34450000000000003,0.035800000000000005,1.0,5.950669850817063
0.34500000000000003,0.035800000000000005,1.0,5.9536560068135
0.34550000000000003,0.035800000000000005,1.0,5.956576116382575
0.34600000000000003,0.035800000000000005,1.0,5.959431654791083
0.34650000000000003,0.035800000000000005,1.0,5.962224065517039
0.34700000000000003,0.035800000000000005,1.0,5.964954757336861
0.34750000000000003,0.035800000000000005,1.0,5.967625108719099
0.34800000000000003,0.035800000000000005,1.0,5.970236465055968
0.34850000000000003,0.035800000000000005,1.0,5.972790142839592
0.34900000000000003,0.035800000000000005,1.0,5.975287427029743
0.34950000000000003,0.035800000000000005,1.0,5.97772957502458
0.35000000000000003,0.035800000000000005,1.0,5.980117814157321
0.35050000000000003,0.035800000000000005,1.0,5.982453345472379
0.35100000000000003,0.035800000000000005,1.0,5.984737341344256
0.35150000000000003,0.035800000000000005,1.0,5.986970949069414
0.352,0.035800000000000005,1.0,5.989155288600769
0.3525,0.035800000000000005,1.0,5.991291455965382
0.353,0.035800000000000005,1.0,5.993380521108157
0.3535,0.035800000000000005,1.0,5.995423531144694
0.354,0.035800000000000005,1.0,5.997421508308545
0.3545,0.035800000000000005,1.0,5.999375453047625
0.355,0.035800000000000005,1.0,6.001286342069787
0.3555,0.035800000000000005,1.0,6.00315513129104
0.356,0.035800000000000005,1.0,6.004982753974241
0.3565,0.035800000000000005,1.0,6.006770123536632
0.357,0.035800000000000005,1.0,6.008518131777123
0.3575,0.035800000000000005,1.0,6.010227651550318
0.358,0.035800000000000005,1.0,6.0118995350776805
0.3585,0.035800000000000005,1.0,6.013534616495168
0.359,0.035800000000000005,1.0,6.015133710243807
0.3595,0.035800000000000005,1.0,6.016697613497302
0.36,0.035800000000000005,1.0,6.018227104628228
0.3605,0.035800000000000005,1.0,6.01972294552155
0.361,0.035800000000000005,1.0,6.021185880112601
0.3615,0.035800000000000005,1.0,6.02261663659232
0.362,0.035800000000000005,1.0,6.024015926013369
0.3625,0.035800000000000005,1.0,6.025384444392537
0.363,0.035800000000000005,1.0,6.026722871381622
0.3635,0.035800000000000005,1.0,6.028031872272047
0.364,0.035800000000000005,1.0,6.0293120967273115
0.3645,0.035800000000000005,1.0,6.030564180694721
0.365,0.035800000000000005,1.0,6.03178874519642
0.3655,0.035800000000000005,1.0,6.032986398152593
0.366,0.035800000000000005,1.0,6.03415773322833
0.3665,0.035800000000000005,1.0,6.035303331572749
0.367,0.035800000000000005,1.0,6.036423760718865
0.3675,0.035800000000000005,1.0,6.037519576242593
0.368,0.035800000000000005,1.0,6.038591320713319
0.3685,0.035800000000000005,1.0,6.039639525276518
0.369,0.035800000000000005,1.0,6.04066470865253
0.3695,0.035800000000000005,1.0,6.041667378646644
0.37,0.035800000000000005,1.0,6.042648031193546
0.3705,0.035800000000000005,1.0,6.043607151798543
0.371,0.035800000000000005,1.0,6.044545214625482
0.3715,0.035800000000000005,1.0,6.045462683872244
0.372,0.035800000000000005,1.0,6.046360012900248
0.3725,0.035800000000000005,1.0,6.0472376455472965
0.373,0.035800000000000005,1.0,6.048096015296509
0.3735,0.035800000000000005,1.0,6.048935546529795
0.374,0.035800000000000005,1.0,6.049756653734239
0.3745,0.035800000000000005,1.0,6.050559742698855
0.375,0.035800000000000005,1.0,6.05134520975684
0.3755,0.035800000000000005,1.0,6.052113442928252
0.376,0.035800000000000005,1.0,6.052864821196394
0.3765,0.035800000000000005,1.0,6.053599715598914
0.377,0.035800000000000005,1.0,6.054318488536901
0.3775,0.035800000000000005,1.0,6.055021494816688
0.378,0.035800000000000005,1.0,6.055709080990064
0.3785,0.035800000000000005,1.0,6.056381586349263
0.379,0.035800000000000005,1.0,6.057039342296747
0.3795,0.035800000000000005,1.0,6.05768267329555
0.38,0.035800000000000005,1.0,6.058311896267277
0.3805,0.035800000000000005,1.0,6.058927321499808
0.381,0.035800000000000005,1.0,6.059529252072358
0.3815,0.035800000000000005,1.0,6.060117984722459
0.382,0.035800000000000005,1.0,6.060693809296697
0.3825,0.035800000000000005,1.0,6.061257009579046
0.383,0.035800000000000005,1.0,6.061807862765954
0.3835,0.035800000000000005,1.0,6.062346640257848
0.384,0.035800000000000005,1.0,6.062873607157584
0.3845,0.035800000000000005,1.0,6.063389023026555
0.385,0.035800000000000005,1.0,6.063893141405631
0.3855,0.035800000000000005,1.0,6.064386210537473
0.386,0.035800000000000005,1.0,6.064868472908885
0.3865,0.035800000000000005,1.0,6.06534016594092
0.387,0.035800000000000005,1.0,6.065801521551509
0.3875,0.035800000000000005,1.0,6.066252766815094
0.388,0.035800000000000005,1.0,6.06669412354447
0.3885,0.035800000000000005,1.0,6.067125808921268
0.389,0.035800000000000005,1.0,6.0675480350963005
0.3895,0.035800000000000005,1.0,6.067961009792014
0.39,0.035800000000000005,1.0,6.068364935920674
0.3905,0.035800000000000005,1.0,6.0687600121600385
0.391,0.035800000000000005,1.0,6.069146432588455
0.3915,0.035800000000000005,1.0,6.069524387235067
0.392,0.035800000000000005,1.0,6.069894061731076
0.3925,0.035800000000000005,1.0,6.070255637835551
0.393,0.035800000000000005,1.0,6.070609293102122
0.3935,0.035800000000000005,1.0,6.070955201381594
0.394,0.035800000000000005,1.0,6.071293532503369
0.3945,0.035800000000000005,1.0,6.071624452755813
0.395,0.035800000000000005,1.0,6.071948124581697
0.3955,0.035800000000000005,1.0,6.07226470703753
0.396,0.035800000000000005,1.0,6.072574355502277
0.3965,0.035800000000000005,1.0,6.0728772221164915
0.397,0.035800000000000005,1.0,6.073173455503886
0.3975,0.035800000000000005,1.0,6.073463201191175
0.398,0.035800000000000005,1.0,6.073746601341772
0.3985,0.035800000000000005,1.0,6.074023795157177
0.399,0.035800000000000005,1.0,6.074294918622492
0.3995,0.035800000000000005,1.0,6.0745601048707965
0.4,0.035800000000000005,0.0,6.074819484035859
0.4005,0.035800000000000005,0.0,6.074987436693463
0.401,0.035800000000000005,0.0,6.074986662143215
0.4015,0.035800000000000005,0.0,6.074883102704768
0.402,0.035800000000000005,0.0,6.074679569890468
0.4025,0.035800000000000005,0.0,6.074369045167616
0.403,0.035800000000000005,0.0,6.073945051587782
0.4035,0.035800000000000005,0.0,6.073400582132812
0.404,0.035800000000000005,0.0,6.0727281246492995
0.4045,0.035800000000000005,0.0,6.071919533330829
0.405,0.035800000000000005,0.0,6.070966065925909
0.4055,0.035800000000000005,0.0,6.069858226114405
0.406,0.035800000000000005,0.0,6.068585805819035
0.40650000000000003,0.035800000000000005,0.0,6.0671376943194995
0.40700000000000003,0.035800000000000005,0.0,6.0655019263178565
0.40750000000000003,0.035800000000000005,0.0,6.063665449104952
0.40800000000000003,0.035800000000000005,0.0,6.061614177072514
0.40850000000000003,0.035800000000000005,0.0,6.059332705519848
0.40900000000000003,0.035800000000000005,0.0,6.056804372317308
0.40950000000000003,0.035800000000000005,0.0,6.054010903236331
0.41000000000000003,0.035800000000000005,0.0,6.050932481436004
0.41050000000000003,0.035800000000000005,0.0,6.047547304137955
0.41100000000000003,0.035800000000000005,0.0,6.043831660506591
0.41150000000000003,0.035800000000000005,0.0,6.039759372553312
0.41200000000000003,0.035800000000000005,0.0,6.035301881795646
0.41250000000000003,0.035800000000000005,0.0,6.0304275377761325
0.41300000000000003,0.035800000000000005,0.0,6.0251016936320525
0.41350000000000003,0.035800000000000005,0.0,6.019285792703941
0.41400000000000003,0.035800000000000005,0.0,6.012937472960042
0.41450000000000004,0.035800000000000005,0.0,6.006009384968534
0.41500000000000004,0.035800000000000005,0.0,5.998449305463285
0.41550000000000004,0.035800000000000005,0.0,5.990198598030748
0.41600000000000004,0.035800000000000005,0.0,5.981192338318823
0.4165,0.035800000000000005,0.0,5.9713573035462995
0.417,0.035800000000000005,0.0,5.960612119501743
0.4175,0.035800000000000005,0.0,5.948864643266876
0.418,0.035800000000000005,0.0,5.936012164161993
0.4185,0.035800000000000005,0.0,5.921938046920041
0.419,0.035800000000000005,0.0,5.906512076463764
0.4195,0.035800000000000005,0.0,5.8895863107918816
0.42,0.035800000000000005,0.0,5.870995800478879
0.4205,0.035800000000000005,0.0,5.850553886599672
0.421,0.035800000000000005,0.0,5.828053842548201
0.4215,0.035800000000000005,0.0,5.803264581149753
0.422,0.035800000000000005,0.0,5.775934384084715
0.4225,0.035800000000000005,0.0,5.745789450631689
0.423,0.035800000000000005,0.0,5.712541753768998
0.4235,0.035800000000000005,0.0,5.6758948785510315
0.424,0.035800000000000005,0.0,5.6355581981169935
0.4245,0.035800000000000005,0.0,5.59126476358069
0.425,0.035800000000000005,0.0,5.542790440319103
0.4255,0.035800000000000005,0.0,5.489981970637267
0.426,0.035800000000000005,0.0,5.432770339797359
0.4265,0.035800000000000005,0.0,5.371193817322963
0.427,0.035800000000000005,0.0,5.305389556524836
0.4275,0.035800000000000005,0.0,5.235594006527453
0.428,0.035800000000000005,0.0,5.162112243716026
0.4285,0.035800000000000005,0.0,5.085299036996407
0.429,0.035800000000000005,0.0,5.005526587727078
0.4295,0.035800000000000005,0.0,4.9231647039075295
0.43,0.035800000000000005,0.0,4.838564145041033
0.4305,0.035800000000000005,0.0,4.752046613542776
0.431,0.035800000000000005,0.0,4.663903210012599
0.4315,0.035800000000000005,0.0,4.5743930092656555
0.432,0.035800000000000005,0.0,4.483748198075731
0.4325,0.035800000000000005,0.0,4.392176187238294
0.433,0.035800000000000005,0.0,4.299865542450788
0.4335,0.035800000000000005,0.0,4.206988516502205
0.434,0.035800000000000005,0.0,4.1137053374391765
0.4345,0.035800000000000005,0.0,4.020166075151552
0.435,0.035800000000000005,0.0,3.926513124492291
0.4355,0.035800000000000005,0.0,3.8328823093151376
0.436,0.035800000000000005,0.0,3.7394040740254155
0.4365,0.035800000000000005,0.0,3.64620403684979
0.437,0.035800000000000005,0.0,3.553403416761718
0.4375,0.035800000000000005,0.0,3.461119250056348
0.438,0.035800000000000005,0.0,3.3694644099677675
0.4385,0.035800000000000005,0.0,3.278547622201918
0.439,0.035800000000000005,0.0,3.188473275299601
0.4395,0.035800000000000005,0.0,3.0993412964899143
0.44,0.035800000000000005,0.0,3.0112468497502203
0.4405,0.035800000000000005,0.0,2.9242800871843895
0.441,0.035800000000000005,0.0,2.8385257874721725
0.4415,0.035800000000000005,0.0,2.7540629849322604
0.442,0.035800000000000005,0.0,2.6709646020160336
0.4425,0.035800000000000005,0.0,2.5892969783983055
0.443,0.035800000000000005,0.0,2.5091195822266603
0.4435,0.035800000000000005,0.0,2.430484508142294
0.444,0.035800000000000005,0.0,2.3534363888480314
0.4445,0.035800000000000005,0.0,2.2780119823550264
0.445,0.035800000000000005,0.0,2.2042404122665515
0.4455,0.035800000000000005,0.0,2.132142984400961
0.446,0.035800000000000005,0.0,2.0617338277528927
0.4465,0.035800000000000005,0.0,1.9930200364288753
0.447,0.035800000000000005,0.0,1.9260026624275088
0.4475,0.035800000000000005,0.0,1.8606771728373677
0.448,0.035800000000000005,0.0,1.7970346106478654
0.4485,0.035800000000000005,0.0,1.7350622396805016
0.449,0.035800000000000005,0.0,1.6747446191471143
0.4495,0.035800000000000005,0.0,1.6160642482533472
0.45,0.035800000000000005,0.0,1.559002341659595
0.4505,0.035800000000000005,0.0,1.5035393150471852
0.451,0.035800000000000005,0.0,1.4496551770410988
0.4515,0.035800000000000005,0.0,1.3973297885665292
0.452,0.035800000000000005,0.0,1.346542925208521
0.4525,0.035800000000000005,0.0,1.2972743365169033
0.453,0.035800000000000005,0.0,1.249503613370017
0.4535,0.035800000000000005,0.0,1.2032101240844435
0.454,0.035800000000000005,0.0,1.1583728269387383
0.4545,0.035800000000000005,0.0,1.1149701623607289
0.455,0.035800000000000005,0.0,1.0729799078818223
0.4555,0.035800000000000005,0.0,1.0323790804305724
0.456,0.035800000000000005,0.0,0.9931438770379012
0.4565,0.035800000000000005,0.0,0.9552496115844186
0.457,0.035800000000000005,0.0,0.9186707435999821
0.4575,0.035800000000000005,0.0,0.8833808524533269
0.458,0.035800000000000005,0.0,0.849352735015549
0.4585,0.035800000000000005,0.0,0.8165584095511276
0.459,0.035800000000000005,0.0,0.7849692568082728
0.4595,0.035800000000000005,0.0,0.7545560428998552
0.46,0.035800000000000005,0.0,0.7252890808081819
0.4605,0.035800000000000005,0.0,0.6971382626395454
0.461,0.035800000000000005,0.0,0.670073224226357
0.4615,0.035800000000000005,0.0,0.6440633796494524
0.462,0.035800000000000005,0.0,0.6190780775206866
0.4625,0.035800000000000005,0.0,0.5950866331941258
0.463,0.035800000000000005,0.0,0.5720584701319827
0.4635,0.035800000000000005,0.0,0.549963147235922
0.464,0.035800000000000005,0.0,0.5287704821658071
0.4645,0.035800000000000005,0.0,0.5084505726325454
0.465,0.035800000000000005,0.0,0.4889739008218973
0.4655,0.035800000000000005,0.0,0.47031134839634114
0.466,0.035800000000000005,0.0,0.45243428256856877
0.4665,0.035800000000000005,0.0,0.43531456509785077
0.467,0.035800000000000005,0.0,0.4189246213360687
0.4675,0.035800000000000005,0.0,0.4032374437943713
0.468,0.035800000000000005,0.0,0.38822664586389394
0.4685,0.035800000000000005,0.0,0.3738664606610653
0.46900000000000003,0.035800000000000005,0.0,0.3601317812568256
0.46950000000000003,0.035800000000000005,0.0,0.3469981555462837
0.47000000000000003,0.035800000000000005,0.0,0.33444181480472285
0.47050000000000003,0.035800000000000005,0.0,0.3224396653093813
0.47100000000000003,0.035800000000000005,0.0,0.3109693069425766
0.47150000000000003,0.035800000000000005,0.0,0.300009022245437
0.47200000000000003,0.035800000000000005,0.0,0.28953778664793883
0.47250000000000003,0.035800000000000005,0.0,0.2795352555721057
0.47300000000000003,0.035800000000000005,0.0,0.26998176770994453
0.47350000000000003,0.035800000000000005,0.0,0.26085833072585535
0.47400000000000003,0.035800000000000005,0.0,0.2521466188411668
0.47450000000000003,0.035800000000000005,0.0,0.2438289576176817
0.47500000000000003,0.035800000000000005,0.0,0.2358883169499935
0.47550000000000003,0.035800000000000005,0.0,0.22830829534718444
0.47600000000000003,0.035800000000000005,0.0,0.22107310928610718
0.47650000000000003,0.035800000000000005,0.0,0.2141675773478936
0.47700000000000004,0.035800000000000005,0.0,0.2075771067492487
0.47750000000000004,0.035800000000000005,0.0,0.20128767763530356
0.47800000000000004,0.035800000000000005,0.0,0.1952858274827346
0.47850000000000004,0.035800000000000005,0.0,0.18955863580073654
0.47900000000000004,0.035800000000000005,0.0,0.18409370698958002
0.47950000000000004,0.035800000000000005,0.0,0.17887915565704243
0.48,0.035800000000000005,0.0,0.17390358841847273
0.4805,0.035800000000000005,0.0,0.16915608999646065
0.481,0.035800000000000005,0.0,0.1646262043627941
0.4815,0.035800000000000005,0.0,0.16030392175430735
0.482,0.035800000000000005,0.0,0.1561796594822883
0.4825,0.035800000000000005,0.0,0.15224424996652927
0.483,0.035800000000000005,0.0,0.14848892147305226
0.4835,0.035800000000000005,0.0,0.14490528724099805
0.484,0.035800000000000005,0.0,0.14148532635359462
0.4845,0.035800000000000005,0.0,0.13822137400803486
0.485,0.035800000000000005,0.0,0.13510610267690035
0.4855,0.035800000000000005,0.0,0.13213251354879538
0.486,0.035800000000000005,0.0,0.12929391809682034
0.4865,0.035800000000000005,0.0,0.12658393069725787
0.487,0.035800000000000005,0.0,0.1239964506873286
0.4875,0.035800000000000005,0.0,0.12152565615007428
0.488,0.035800000000000005,0.0,0.11916598651508283
0.4885,0.035800000000000005,0.0,0.11691213747944973
0.489,0.035800000000000005,0.0,0.1147590441820811
0.4895,0.035800000000000005,0.0,0.1127018772132023
0.49,0.035800000000000005,0.0,0.1107360263746456
0.4905,0.035800000000000005,0.0,0.10885709771414288
0.491,0.035800000000000005,0.0,0.10706089787064085
0.4915,0.035800000000000005,0.0,0.10534343205459937
0.492,0.035800000000000005,0.0,0.1037008889688184
0.4925,0.035800000000000005,0.0,0.10212963964294328
0.493,0.035800000000000005,0.0,0.1006262229160555
0.4935,0.035800000000000005,0.0,0.09918734502334975
0.494,0.035800000000000005,0.0,0.09780986562647323
0.4945,0.035800000000000005,0.0,0.09649079804356504
0.495,0.035800000000000005,0.0,0.09522729581637784
0.4955,0.035800000000000005,0.0,0.09401665347215336
0.496,0.035800000000000005,0.0,0.09285629362193668
0.4965,0.035800000000000005,0.0,0.09174376814430435
0.497,0.035800000000000005,0.0,0.09067674581587262
0.4975,0.035800000000000005,0.0,0.08965301381260114
0.498,0.035800000000000005,0.0,0.0886704658800041
0.4985,0.035800000000000005,0.0,0.08772710405694598
0.499,0.035800000000000005,0.0,0.08682102739842883
0.4995,0.035800000000000005,0.0,0.08595043383859914
0.5,0.035800000000000005,0.0,0.08511360948219068
0.5005000000000001,0.035800000000000005,0.0,0.08430893053682958
0.501,0.035800000000000005,0.0,0.08353485318978857
0.5015000000000001,0.035800000000000005,0.0,0.08278991555340721
0.502,0.035800000000000005,0.0,0.08207272814172803
0.5025000000000001,0.035800000000000005,0.0,0.08138197578602417
0.503,0.035800000000000005,0.0,0.08071640872143575
0.5035000000000001,0.035800000000000005,0.0,0.08007484444143229
0.504,0.035800000000000005,0.0,0.07945615939841735
0.5045000000000001,0.035800000000000005,0.0,0.07885929077603078
0.505,0.035800000000000005,0.0,0.07828322880053065
0.5055000000000001,0.035800000000000005,0.0,0.07772701841809478
0.506,0.035800000000000005,0.0,0.07718975220635525
0.5065000000000001,0.035800000000000005,0.0,0.07667057195015407
0.507,0.035800000000000005,0.0,0.0761686621357599
0.5075000000000001,0.035800000000000005,0.0,0.07568325142315883
0.508,0.035800000000000005,0.0,0.07521360669940473
0.5085000000000001,0.035800000000000005,0.0,0.07475903444882154
0.509,0.035800000000000005,0.0,0.07431887533712209
0.5095000000000001,0.035800000000000005,0.0,0.07389250543011527
