time [s],Lmtc [m],STIM [ ],Fsee [N]
0.0,0.035,0.0,0.0453880727905744
0.0005,0.035,0.0,0.0453880727905744
0.001,0.035,0.0,0.04538807279057657
0.0015,0.035,0.0,0.04538807279057874
0.002,0.035,0.0,0.04538807279057874
0.0025,0.035,0.0,0.04538807279057874
0.003,0.035,0.0,0.04538807279057874
0.0035,0.035,0.0,0.04538807279058092
0.004,0.035,0.0,0.045388072790583094
0.0045,0.035,0.0,0.045388072790583094
0.005,0.035,0.0,0.045388072790583094
0.0055,0.035,0.0,0.045388072790583094
0.006,0.035,0.0,0.04538807279058526
0.0065,0.035,0.0,0.04538807279058526
0.007,0.035,0.0,0.04538807279058744
0.0075,0.035,0.0,0.04538807279058744
0.008,0.035,0.0,0.04538807279058744
0.0085,0.035,0.0,0.04538807279058744
0.009,0.035,0.0,0.04538807279058961
0.0095,0.035,0.0,0.04538807279059178
0.01,0.035,0.0,0.04538807279059178
0.0105,0.035,0.0,0.04538807279059178
0.011,0.035,0.0,0.04538807279059178
0.0115,0.035,0.0,0.04538807279059178
0.012,0.035,0.0,0.04538807279059178
0.0125,0.035,0.0,0.04538807279059396
0.013,0.035,0.0,0.04538807279059396
0.0135,0.035,0.0,0.04538807279059613
0.014,0.035,0.0,0.04538807279059613
0.0145,0.035,0.0,0.04538807279059613
0.015,0.035,0.0,0.04538807279059613
0.0155,0.035,0.0,0.04538807279059613
0.016,0.035,0.0,0.04538807279059613
0.0165,0.035,0.0,0.04538807279059613
0.017,0.035,0.0,0.04538807279059613
0.0175,0.035,0.0,0.04538807279059613
0.018,0.035,0.0,0.045388072790598304
0.0185,0.035,0.0,0.045388072790598304
0.019,0.035,0.0,0.045388072790598304
0.0195,0.035,0.0,0.045388072790598304
0.02,0.035,0.0,0.04538807279060048
0.0205,0.035,0.0,0.04538807279060048
0.021,0.035,0.0,0.04538807279060048
0.0215,0.035,0.0,0.04538807279060048
0.022,0.035,0.0,0.04538807279060048
0.0225,0.035,0.0,0.04538807279060048
0.023,0.035,0.0,0.04538807279060048
0.0235,0.035,0.0,0.04538807279060048
0.024,0.035,0.0,0.045388072790602654
0.0245,0.035,0.0,0.045388072790602654
0.025,0.035,0.0,0.04538807279060482
0.0255,0.035,0.0,0.04538807279060482
0.026,0.035,0.0,0.04538807279060482
0.0265,0.035,0.0,0.04538807279060482
0.027,0.035,0.0,0.04538807279060482
0.0275,0.035,0.0,0.04538807279060482
0.028,0.035,0.0,0.04538807279060482
0.0285,0.035,0.0,0.04538807279060482
0.029,0.035,0.0,0.04538807279060699
0.0295,0.035,0.0,0.04538807279060699
0.03,0.035,0.0,0.04538807279060917
0.0305,0.035,0.0,0.04538807279060917
0.031,0.035,0.0,0.04538807279060917
0.0315,0.035,0.0,0.04538807279060917
0.032,0.035,0.0,0.04538807279060917
0.0325,0.035,0.0,0.04538807279060917
0.033,0.035,0.0,0.04538807279060917
0.0335,0.035,0.0,0.04538807279060917
0.034,0.035,0.0,0.04538807279060917
0.0345,0.035,0.0,0.04538807279060917
0.035,0.035,0.0,0.04538807279060917
0.0355,0.035,0.0,0.04538807279060917
0.036,0.035,0.0,0.04538807279060917
0.0365,0.035,0.0,0.04538807279060917
0.037,0.035,0.0,0.04538807279060917
0.0375,0.035,0.0,0.04538807279060917
0.038,0.035,0.0,0.04538807279060917
0.0385,0.035,0.0,0.04538807279060917
0.039,0.035,0.0,0.04538807279060917
0.0395,0.035,0.0,0.04538807279060917
0.04,0.035,0.0,0.04538807279060917
0.0405,0.035,0.0,0.04538807279060917
0.041,0.035,0.0,0.04538807279060917
0.0415,0.035,0.0,0.04538807279060917
0.042,0.035,0.0,0.04538807279060917
0.0425,0.035,0.0,0.04538807279060917
0.043,0.035,0.0,0.04538807279060917
0.0435,0.035,0.0,0.04538807279060917
0.044,0.035,0.0,0.04538807279060917
0.0445,0.035,0.0,0.04538807279060917
0.045,0.035,0.0,0.04538807279060917
0.0455,0.035,0.0,0.04538807279060917
0.046,0.035,0.0,0.04538807279060917
0.0465,0.035,0.0,0.04538807279060917
0.047,0.035,0.0,0.04538807279060917
0.0475,0.035,0.0,0.04538807279060917
0.048,0.035,0.0,0.04538807279060917
0.0485,0.035,0.0,0.04538807279060917
0.049,0.035,0.0,0.04538807279060917
0.0495,0.035,0.0,0.04538807279060917
0.05,0.035,0.0,0.04538807279060917
0.0505,0.035,0.0,0.04538807279060917
0.051,0.035,0.0,0.04538807279060917
0.0515,0.035,0.0,0.04538807279060917
0.052,0.035,0.0,0.04538807279060917
0.0525,0.035,0.0,0.04538807279060917
0.053,0.035,0.0,0.04538807279060917
0.0535,0.035,0.0,0.04538807279060917
0.054,0.035,0.0,0.04538807279060917
0.0545,0.035,0.0,0.04538807279060917
0.055,0.035,0.0,0.04538807279060917
0.0555,0.035,0.0,0.04538807279060917
0.056,0.035,0.0,0.04538807279060917
0.0565,0.035,0.0,0.04538807279060917
0.057,0.035,0.0,0.04538807279060917
0.0575,0.035,0.0,0.04538807279060917
0.058,0.035,0.0,0.04538807279060917
0.0585,0.035,0.0,0.04538807279060917
0.059,0.035,0.0,0.04538807279060917
0.0595,0.035,0.0,0.04538807279060917
0.06,0.035,0.0,0.04538807279060917
0.0605,0.035,0.0,0.04538807279060917
0.061,0.035,0.0,0.04538807279060917
0.0615,0.035,0.0,0.04538807279060917
0.062,0.035,0.0,0.04538807279060917
0.0625,0.035,0.0,0.04538807279060917
0.063,0.035,0.0,0.04538807279060917
0.0635,0.035,0.0,0.04538807279060917
0.064,0.035,0.0,0.04538807279060917
0.0645,0.035,0.0,0.04538807279060917
0.065,0.035,0.0,0.04538807279060917
0.0655,0.035,0.0,0.04538807279060917
0.066,0.035,0.0,0.04538807279060917
0.0665,0.035,0.0,0.04538807279060917
0.067,0.035,0.0,0.04538807279060917
0.0675,0.035,0.0,0.04538807279060917
0.068,0.035,0.0,0.04538807279060917
0.0685,0.035,0.0,0.04538807279060917
0.069,0.035,0.0,0.04538807279060917
0.0695,0.035,0.0,0.04538807279060917
0.07,0.035,0.0,0.04538807279060917
0.0705,0.035,0.0,0.04538807279060917
0.071,0.035,0.0,0.04538807279060917
0.0715,0.035,0.0,0.04538807279060917
0.072,0.035,0.0,0.04538807279060917
0.0725,0.035,0.0,0.04538807279060917
0.073,0.035,0.0,0.04538807279060917
0.0735,0.035,0.0,0.04538807279060917
0.074,0.035,0.0,0.04538807279060917
0.0745,0.035,0.0,0.04538807279060917
0.075,0.035,0.0,0.04538807279060917
0.0755,0.035,0.0,0.04538807279060917
0.076,0.035,0.0,0.04538807279060917
0.0765,0.035,0.0,0.04538807279060917
0.077,0.035,0.0,0.04538807279060917
0.0775,0.035,0.0,0.04538807279060917
0.078,0.035,0.0,0.04538807279060917
0.0785,0.035,0.0,0.04538807279060917
0.079,0.035,0.0,0.04538807279060917
0.0795,0.035,0.0,0.04538807279060917
0.08,0.035,0.0,0.04538807279060917
0.0805,0.035,0.0,0.04538807279060917
0.081,0.035,0.0,0.04538807279060917
0.0815,0.035,0.0,0.04538807279060917
0.082,0.035,0.0,0.04538807279060917
0.0825,0.035,0.0,0.04538807279060917
0.083,0.035,0.0,0.04538807279060917
0.0835,0.035,0.0,0.04538807279060917
0.084,0.035,0.0,0.04538807279060917
0.0845,0.035,0.0,0.04538807279060917
0.085,0.035,0.0,0.04538807279060917
0.0855,0.035,0.0,0.04538807279060917
0.086,0.035,0.0,0.04538807279060917
0.0865,0.035,0.0,0.04538807279060917
0.087,0.035,0.0,0.04538807279060917
0.0875,0.035,0.0,0.04538807279060917
0.088,0.035,0.0,0.04538807279060917
0.0885,0.035,0.0,0.04538807279060917
0.089,0.035,0.0,0.04538807279060917
0.0895,0.035,0.0,0.04538807279060917
0.09,0.035,0.0,0.04538807279060917
0.0905,0.035,0.0,0.04538807279060917
0.091,0.035,0.0,0.04538807279060917
0.0915,0.035,0.0,0.04538807279060917
0.092,0.035,0.0,0.04538807279060917
0.0925,0.035,0.0,0.04538807279060917
0.093,0.035,0.0,0.04538807279060917
0.0935,0.035,0.0,0.04538807279060917
0.094,0.035,0.0,0.04538807279060917
0.0945,0.035,0.0,0.04538807279060917
0.095,0.035,0.0,0.04538807279060917
0.0955,0.035,0.0,0.04538807279060917
0.096,0.035,0.0,0.04538807279060917
0.0965,0.035,0.0,0.04538807279060917
0.097,0.035,0.0,0.04538807279060917
0.0975,0.035,0.0,0.04538807279060917
0.098,0.035,0.0,0.04538807279060917
0.0985,0.035,0.0,0.04538807279060917
0.099,0.035,0.0,0.04538807279060917
0.0995,0.035,0.0,0.04538807279060917
0.1,0.035,1.0,0.04538807279060917
0.1005,0.035,1.0,0.045393827102937066
0.101,0.035,1.0,0.04549932867500131
0.1015,0.035,1.0,0.04595958468607209
0.102,0.035,1.0,0.047140326396326114
0.1025,0.035,1.0,0.049461688650647984
0.103,0.035,1.0,0.053482144568309783
0.1035,0.035,1.0,0.060152509260557874
0.104,0.035,1.0,0.07113093707267851
0.1045,0.035,1.0,0.08893362509713913
0.105,0.035,1.0,0.11641513830823991
0.1055,0.035,1.0,0.15534013376432818
0.106,0.035,1.0,0.20531081166268156
0.1065,0.035,1.0,0.2643723396677632
0.107,0.035,1.0,0.3303341179960437
0.1075,0.035,1.0,0.40146776690461305
0.108,0.035,1.0,0.4765689432111917
0.1085,0.035,1.0,0.5547838514850711
0.109,0.035,1.0,0.6354667747845358
0.1095,0.035,1.0,0.7180936294990573
0.11,0.035,1.0,0.8022147984264112
0.1105,0.035,1.0,0.8874348169243591
0.111,0.035,1.0,0.9734007690079745
0.1115,0.035,1.0,1.059797769057414
0.112,0.035,1.0,1.1463448079959369
0.1125,0.035,1.0,1.2327928103388741
0.113,0.035,1.0,1.3189217587372875
0.1135,0.035,1.0,1.4045389374906876
0.114,0.035,1.0,1.4894762667846202
0.1145,0.035,1.0,1.5735885626608919
0.115,0.035,1.0,1.6567510142323338
0.1155,0.035,1.0,1.7388575873450371
0.116,0.035,1.0,1.819818717824603
0.1165,0.035,1.0,1.8995599497150955
0.117,0.035,1.0,1.978019894761907
0.1175,0.035,1.0,2.0551491336412595
0.118,0.035,1.0,2.130908454066021
0.1185,0.035,1.0,2.2052680030008975
0.119,0.035,1.0,2.278205789825524
0.1195,0.035,1.0,2.3497070580862354
0.12,0.035,1.0,2.4197630267280545
0.1205,0.035,1.0,2.488370443809621
0.121,0.035,1.0,2.5555305340007184
0.1215,0.035,1.0,2.621248697704873
0.122,0.035,1.0,2.6855336332013344
0.1225,0.035,1.0,2.748397148870333
0.123,0.035,1.0,2.8098534310510983
0.1235,0.035,1.0,2.8699189423496176
0.124,0.035,1.0,2.9286118099764282
0.1245,0.035,1.0,2.985951788314272
0.125,0.035,1.0,3.041959746353753
0.1255,0.035,1.0,3.0966576773134875
0.126,0.035,1.0,3.1500682673887184
0.1265,0.035,1.0,3.202214939090375
0.127,0.035,1.0,3.25312148668564
0.1275,0.035,1.0,3.302812143062631
0.128,0.035,1.0,3.351311269929288
0.1285,0.035,1.0,3.398643440498036
0.129,0.035,1.0,3.444833174742567
0.1295,0.035,1.0,3.4899050321363507
0.13,0.035,1.0,3.5338833840965846
0.1305,0.035,1.0,3.576792512505776
0.131,0.035,1.0,3.618656412958141
0.1315,0.035,1.0,3.659498895935373
0.132,0.035,1.0,3.699343415671534
0.1325,0.035,1.0,3.738213171721084
0.133,0.035,1.0,3.7761309592252013
0.1335,0.035,1.0,3.8131192692634293
0.134,0.035,1.0,3.849200157082919
0.1345,0.035,1.0,3.884395340115008
0.135,0.035,1.0,3.918726081354881
0.1355,0.035,1.0,3.9522132842903255
0.136,0.035,1.0,3.9848773891234504
0.1365,0.035,1.0,4.016738464129732
0.137,0.035,1.0,4.047816112820691
0.1375,0.035,1.0,4.078129561450391
0.138,0.035,1.0,4.107697575547313
0.1385,0.035,1.0,4.136538543431094
0.139,0.035,1.0,4.1646704008085385
0.1395,0.035,1.0,4.192110710267902
0.14,0.035,1.0,4.218876592851619
0.1405,0.035,1.0,4.244984803569728
0.141,0.035,1.0,4.270451669038841
0.1415,0.035,1.0,4.2952931591079855
0.142,0.035,1.0,4.319524829798634
0.1425,0.035,1.0,4.343161891170831
0.143,0.035,1.0,4.366219154918087
0.1435,0.035,1.0,4.38871109862424
0.144,0.035,1.0,4.410651817465305
0.1445,0.035,1.0,4.432055085020035
0.145,0.035,1.0,4.452934308612531
0.1455,0.035,1.0,4.4733025868461045
0.146,0.035,1.0,4.493172668187469
0.1465,0.035,1.0,4.512557005394968
0.147,0.035,1.0,4.531467717002018
0.1475,0.035,1.0,4.549916638808466
0.148,0.035,1.0,4.5679152879681695
0.1485,0.035,1.0,4.585474911708066
0.149,0.035,1.0,4.6026064537640385
0.1495,0.035,1.0,4.619320600486728
0.15,0.035,1.0,4.63562774940319
0.1505,0.035,1.0,4.6515380528613886
0.151,0.035,1.0,4.667061388523572
0.1515,0.035,1.0,4.682207400693886
0.152,0.035,1.0,4.696985472573252
0.1525,0.035,1.0,4.711404765406975
0.153,0.035,1.0,4.7254741923512205
0.1535,0.035,1.0,4.739202455569743
0.154,0.035,1.0,4.752598021579622
0.1545,0.035,1.0,4.765669156418443
0.155,0.035,1.0,4.7784239023519515
0.1555,0.035,1.0,4.790870111225757
0.156,0.035,1.0,4.803015422430193
0.1565,0.035,1.0,4.814867294543568
0.157,0.035,1.0,4.826432984460932
0.1575,0.035,1.0,4.8377195774287785
0.158,0.035,1.0,4.848733967254021
0.1585,0.035,1.0,4.85948288482391
0.159,0.035,1.0,4.869972879319807
0.1595,0.035,1.0,4.880210345309824
0.16,0.035,1.0,4.890201504899574
0.1605,0.035,1.0,4.899952433479355
0.161,0.035,1.0,4.909469042750216
0.1615,0.035,1.0,4.9187571052023396
0.162,0.035,1.0,4.927822237960357
0.1625,0.035,1.0,4.936669926064698
0.163,0.035,1.0,4.945305507085101
0.1635,0.035,1.0,4.953734193271837
0.164,0.035,1.0,4.9619610568908925
0.1645,0.035,1.0,4.969991051307586
0.165,0.035,1.0,4.977828997000874
0.1655,0.035,1.0,4.985479601637955
0.166,0.035,1.0,4.992947446728401
0.1665,0.035,1.0,5.000237006744715
0.167,0.035,1.0,5.007352636380029
0.1675,0.035,1.0,5.01429858876616
0.168,0.035,1.0,5.021079003301522
0.1685,0.035,1.0,5.027697923014725
0.169,0.035,1.0,5.034159282931922
0.1695,0.035,1.0,5.040466926631189
0.17,0.035,1.0,5.04662459512042
0.1705,0.035,1.0,5.052635942625243
0.171,0.035,1.0,5.058504525950796
0.1715,0.035,1.0,5.064233819542587
0.172,0.035,1.0,5.069827205307708
0.1725,0.035,1.0,5.075287986986192
0.173,0.035,1.0,5.080619380408189
0.1735,0.035,1.0,5.085824527211084
0.174,0.035,1.0,5.09090648551114
0.1745,0.035,1.0,5.095868242999413
0.175,0.035,1.0,5.100712708007615
0.1755,0.035,1.0,5.1054427220138265
0.176,0.035,1.0,5.11006105108379
0.1765,0.035,1.0,5.114570397815865
0.177,0.035,1.0,5.118973393139515
0.1775,0.035,1.0,5.12327260772755
0.178,0.035,1.0,5.127470544134954
0.1785,0.035,1.0,5.131569647704291
0.179,0.035,1.0,5.1355722990293025
0.1795,0.035,1.0,5.13948082437814
0.18,0.035,1.0,5.143297488466668
0.1805,0.035,1.0,5.1470245044228635
0.181,0.035,1.0,5.150664026855745
0.1815,0.035,1.0,5.154218161382951
0.182,0.035,1.0,5.157688957982029
0.1825,0.035,1.0,5.161078420101779
0.183,0.035,1.0,5.164388498283562
0.1835,0.035,1.0,5.167621098876182
0.184,0.035,1.0,5.1707780779148305
0.1845,0.035,1.0,5.173861249458457
0.185,0.035,1.0,5.176872379715175
0.1855,0.035,1.0,5.179813195019371
0.186,0.035,1.0,5.182685376193166
0.1865,0.035,1.0,5.1854905661799915
0.187,0.035,1.0,5.188230364631556
0.1875,0.035,1.0,5.190906335214198
0.188,0.035,1.0,5.193520000411453
0.1885,0.035,1.0,5.196072848518101
0.189,0.035,1.0,5.198566328649511
0.1895,0.035,1.0,5.201001857437256
0.19,0.035,1.0,5.203380814236571
0.1905,0.035,1.0,5.2057045475373735
0.191,0.035,1.0,5.207974370361146
0.1915,0.035,1.0,5.210191566400357
0.192,0.035,1.0,5.212357385596887
0.1925,0.035,1.0,5.214473050022011
0.193,0.035,1.0,5.216539749628792
0.1935,0.035,1.0,5.218558647884207
0.194,0.035,1.0,5.220530877688471
0.1945,0.035,1.0,5.222457546656834
0.195,0.035,0.0,5.224339734232441
0.1955,0.035,0.0,5.226062845916169
0.196,0.035,0.0,5.227508006908362
0.1965,0.035,0.0,5.228669401552762
0.197,0.035,0.0,5.2295407731726735
0.1975,0.035,0.0,5.230117254969253
0.198,0.035,0.0,5.2303816904267215
0.1985,0.035,0.0,5.230378179122721
0.199,0.035,0.0,5.2301930821673395
0.1995,0.035,0.0,5.229834344496257
0.2,0.035,0.0,5.229291382535319
0.2005,0.035,0.0,5.2285524845467535
0.201,0.035,0.0,5.227605242279488
0.2015,0.035,0.0,5.226435930456026
0.202,0.035,0.0,5.225029974833717
0.2025,0.035,0.0,5.223371211573181
0.203,0.035,0.0,5.221442451262999
0.2035,0.035,0.0,5.219224573328877
0.204,0.035,0.0,5.216697210173824
0.2045,0.035,0.0,5.213837631917648
0.205,0.035,0.0,5.210621582051758
0.2055,0.035,0.0,5.207021893879173
0.206,0.035,0.0,5.203009518775081
0.2065,0.035,0.0,5.198551797315293
0.207,0.035,0.0,5.193613734220835
0.2075,0.035,0.0,5.188155823257334
0.208,0.035,0.0,5.182135640312699
0.2085,0.035,0.0,5.1755050910492475
0.209,0.035,0.0,5.168212416613105
0.2095,0.035,0.0,5.160198697589729
0.21,0.035,0.0,5.151400396852488
0.2105,0.035,0.0,5.141744917792673
0.211,0.035,0.0,5.131153846352423
0.2115,0.035,0.0,5.119537341567264
0.212,0.035,0.0,5.106798281908298
0.2125,0.035,0.0,5.092825301542492
0.213,0.035,0.0,5.077498085735604
0.2135,0.035,0.0,5.060679045289173
0.214,0.035,0.0,5.0422200159306
0.2145,0.035,0.0,5.021953059369695
0.215,0.035,0.0,4.999698738750935
0.2155,0.035,0.0,4.975257619760621
0.216,0.035,0.0,4.948419980667245
0.2165,0.035,0.0,4.918961478180118
0.217,0.035,0.0,4.886653351257821
0.2175,0.035,0.0,4.851267909768269
0.218,0.035,0.0,4.812586673368942
0.2185,0.035,0.0,4.770421344396011
0.219,0.035,0.0,4.724614740644756
0.2195,0.035,0.0,4.675076852940499
0.22,0.035,0.0,4.6217709158412505
0.2205,0.035,0.0,4.564752764944208
0.221,0.035,0.0,4.504138895822393
0.2215,0.035,0.0,4.440130779957284
0.222,0.035,0.0,4.372974289811607
0.2225,0.035,0.0,4.302962411463325
0.223,0.035,0.0,4.2304034939703135
0.2235,0.035,0.0,4.155610669106252
0.224,0.035,0.0,4.078888903206623
0.2245,0.035,0.0,4.000522604344056
0.225,0.035,0.0,3.9207777663495915
0.2255,0.035,0.0,3.8398934671595715
0.226,0.035,0.0,3.758090139801756
0.2265,0.035,0.0,3.6755652616729395
0.227,0.035,0.0,3.5925017874386826
0.2275,0.035,0.0,3.5090660498867767
0.228,0.035,0.0,3.425414073999067
0.2285,0.035,0.0,3.3416908065289084
0.229,0.035,0.0,3.2580338187954747
0.2295,0.035,0.0,3.1745731763968434
0.23,0.035,0.0,3.091433253506904
0.2305,0.035,0.0,3.0087328300340697
0.231,0.035,0.0,2.926585767998888
0.2315,0.035,0.0,2.8451011202145846
0.232,0.035,0.0,2.764383222626031
0.2325,0.035,0.0,2.684531669808688
0.233,0.035,0.0,2.6056411884176462
0.2335,0.035,0.0,2.527801342986228
0.234,0.035,0.0,2.451096445620646
0.2345,0.035,0.0,2.3756048514827426
0.235,0.035,0.0,2.3013991202305206
0.2355,0.035,0.0,2.2285447886131955
0.236,0.035,0.0,2.157100991757051
0.2365,0.035,0.0,2.087118692510505
0.237,0.035,0.0,2.0186419454707263
0.2375,0.035,0.0,1.9517057196445902
0.238,0.035,0.0,1.886337897242131
0.2385,0.035,0.0,1.8225569974364715
0.239,0.035,0.0,1.760374826074825
0.2395,0.035,0.0,1.6997945020677756
0.24,0.035,0.0,1.64081345327038
0.2405,0.035,0.0,1.5834220862346515
0.241,0.035,0.0,1.5276066582567034
0.2415,0.035,0.0,1.4733487226253217
0.242,0.035,0.0,1.420627403056787
0.2425,0.035,0.0,1.3694194936992166
0.243,0.035,0.0,1.3197008470548863
0.2435,0.035,0.0,1.2714468410186255
0.244,0.035,0.0,1.2246328783357134
0.2445,0.035,0.0,1.1792349155319872
0.245,0.035,0.0,1.1352293171949546
0.2455,0.035,0.0,1.0925932399000338
0.246,0.035,0.0,1.0513041870563344
0.2465,0.035,0.0,1.0113401709905185
0.247,0.035,0.0,0.9726792699695965
0.2475,0.035,0.0,0.9352995873511868
0.248,0.035,0.0,0.8991789897799034
0.2485,0.035,0.0,0.8642949245552972
0.249,0.035,0.0,0.830624393704093
0.2495,0.035,0.0,0.7981436935036618
0.25,0.035,0.0,0.7668285961534831
0.2505,0.035,0.0,0.7366540604677165
0.251,0.035,0.0,0.7075945569280071
0.2515,0.035,0.0,0.6796237808787677
0.252,0.035,0.0,0.6527150538178459
0.2525,0.035,0.0,0.6268410563340387
0.253,0.035,0.0,0.6019742516284187
0.2535,0.035,0.0,0.5780866460269287
0.254,0.035,0.0,0.5551501979412466
0.2545,0.035,0.0,0.5331366081625407
0.255,0.035,0.0,0.5120176927057257
0.2555,0.035,0.0,0.49176520201252644
0.256,0.035,0.0,0.4723511474074779
0.2565,0.035,0.0,0.4537476468280539
0.257,0.035,0.0,0.43592720205835783
0.2575,0.035,0.0,0.41886256800327365
0.258,0.035,0.0,0.40252698230406186
0.2585,0.035,0.0,0.3868940550738887
0.259,0.035,0.0,0.3719379548609211
0.2595,0.035,0.0,0.357633315922873
0.26,0.035,0.0,0.34395538553794125
0.2605,0.035,0.0,0.33087994617663974
0.261,0.035,0.0,0.31838342940278824
0.2615,0.035,0.0,0.30644285062477744
0.262,0.035,0.0,0.29503589462859375
0.2625,0.035,0.0,0.28414086091576046
0.263,0.035,0.0,0.27373672548709826
0.2635,0.035,0.0,0.2638030950791386
0.264,0.035,0.0,0.25432024930166586
0.2645,0.035,0.0,0.24526910235894103
0.265,0.035,0.0,0.2366312291098515
0.2655,0.035,0.0,0.22838883310174968
0.266,0.035,0.0,0.22052475961002838
0.2665,0.035,0.0,0.21302246902047678
0.267,0.035,0.0,0.20586603943529092
0.2675,0.035,0.0,0.199040144616685
0.268,0.035,0.0,0.19253004832706688
0.2685,0.035,0.0,0.18632158619499278
0.269,0.035,0.0,0.18040115359002412
0.2695,0.035,0.0,0.17475569089488982
0.27,0.035,0.0,0.16937266639885312
0.2705,0.035,0.0,0.16424006456006712
0.271,0.035,0.0,0.15934636513111866
0.2715,0.035,0.0,0.1546805340760395
0.272,0.035,0.0,0.1502319999137445
0.2725,0.035,0.0,0.14599064701728992
0.273,0.035,0.0,0.14194678997042873
0.2735,0.035,0.0,0.13809116902500876
0.274,0.035,0.0,0.13441492310813347
0.2745,0.035,0.0,0.13090958724891716
0.275,0.035,0.0,0.12756706474458648
0.2755,0.035,0.0,0.12437962639179667
0.276,0.035,0.0,0.12133988221562206
0.2765,0.035,0.0,0.11844078235482844
0.277,0.035,0.0,0.11567558867432051
0.2775,0.035,0.0,0.11303787715966336
0.278,0.035,0.0,0.11052150966828146
0.2785,0.035,0.0,0.108120637687329
0.279,0.035,0.0,0.1058296744289263
0.2795,0.035,0.0,0.10364329979877056
0.28,0.035,0.0,0.10155643300339527
0.2805,0.035,0.0,0.09956423856641336
0.281,0.035,0.0,0.09766209958889736
0.2815,0.035,0.0,0.09584562463773669
0.282,0.035,0.0,0.09411062178140644
0.2825,0.035,0.0,0.09245310616303394
0.283,0.035,0.0,0.0908692749206925
0.2835,0.035,0.0,0.0893555152486537
0.284,0.035,0.0,0.08790838030189733
0.2845,0.035,0.0,0.0865245975448164
0.285,0.035,0.0,0.0852010457315644
0.2855,0.035,0.0,0.08393476334424793
0.286,0.035,0.0,0.082722926732218
0.2865,0.035,0.0,0.08156285845229014
0.287,0.035,0.0,0.08045200663964161
0.2875,0.035,0.0,0.07938795308133148
0.288,0.035,0.0,0.07836839387793558
0.2885,0.035,0.0,0.07739114710743683
0.289,0.035,0.0,0.07645413482017234
0.2895,0.035,0.0,0.0755553901811825
0.29,0.035,0.0,0.07469304082158656
0.2905,0.035,0.0,0.07386531538136976
0.291,0.035,0.0,0.07307052821907381
0.2915,0.035,0.0,0.07230708531100308
0.292,0.035,0.0,0.07157347029932772
0.2925,0.035,0.0,0.07086824973528155
0.293,0.035,0.0,0.07019006042509636
0.2935,0.035,0.0,0.06953761403199606
0.294,0.035,0.0,0.06890968566094893
0.2945,0.035,0.0,0.06830511785583664
0.295,0.035,0.0,0.06772281034910692
0.2955,0.035,0.0,0.06716172350587711
0.296,0.035,0.0,0.06662086915362912
0.2965,0.035,0.0,0.0660993135344549
0.297,0.035,0.0,0.06559616912317606
0.2975,0.035,0.0,0.06511059715305888
0.298,0.035,0.0,0.0646418003279962
0.2985,0.035,0.0,0.06418902498680852
0.299,0.035,0.0,0.06375155461580735
0.2995,0.035,0.0,0.06332871171341241
0.3,0.035,0.0,0.0629198520128109
0.3005,0.035,0.0,0.06252436610314137
0.301,0.035,0.0,0.06214167427743724
0.3015,0.035,0.0,0.06177122795986653
0.302,0.035,0.0,0.061412505100911285
0.3025,0.035,0.0,0.06106501145306323
0.303,0.035,0.0,0.06072827644262073
0.3035,0.035,0.0,0.06040185432915411
0.304,0.035,0.0,0.06008532049108712
0.3045,0.035,0.0,0.059778272497575335
0.305,0.035,0.0,0.059480326752605124
0.3055,0.035,0.0,0.05919111950205389
0.306,0.035,0.0,0.05891030378812803
0.3065,0.035,0.0,0.05863755040925725
0.307,0.035,0.0,0.05837254514330748
0.3075,0.035,0.0,0.058114989673605066
0.308,0.035,0.0,0.05786459904522061
0.3085,0.035,0.0,0.057621102566950126
0.309,0.035,0.0,0.05738424147017423
0.3095,0.035,0.0,0.0571537697937304
0.31,0.035,0.0,0.05692945221943862
0.3105,0.035,0.0,0.05671106494453059
0.311,0.035,0.0,0.056498393671882946
0.3115,0.035,0.0,0.05629123447295707
0.312,0.035,0.0,0.05608939191409587
0.3125,0.035,0.0,0.05589267991163817
0.313,0.035,0.0,0.05570091997853529
0.3135,0.035,0.0,0.05551394207230554
0.314,0.035,0.0,0.055331582948607204
0.3145,0.035,0.0,0.0551536870020823
0.315,0.035,0.0,0.05498010471553934
0.3155,0.035,0.0,0.05481069349321591
0.316,0.035,0.0,0.05464531619597434
0.3165,0.035,0.0,0.05448384196622123
0.317,0.035,0.0,0.05432614484089093
0.3175,0.035,0.0,0.05417210456712408
0.318,0.035,0.0,0.0540216052859905
0.3185,0.035,0.0,0.05387453633795566
0.319,0.035,0.0,0.05373079101128676
0.3195,0.035,0.0,0.05359026733628636
0.32,0.035,0.0,0.053452866893190856
0.3205,0.035,0.0,0.053318495594207364
0.321,0.035,0.0,0.05318706254633127
0.3215,0.035,0.0,0.05305848082032591
0.322,0.035,0.0,0.05293266636449663
0.3225,0.035,0.0,0.052809538759784294
0.323,0.035,0.0,0.0526890201810579
0.3235,0.035,0.0,0.05257103613756657
0.324,0.035,0.0,0.05245551447868616
0.3245,0.035,0.0,0.052342386119158174
0.325,0.035,0.0,0.05223158408653905
0.3255,0.035,0.0,0.05212304423070013
0.326,0.035,0.0,0.05201670431056407
0.3265,0.035,0.0,0.051912504687469996
0.327,0.035,0.0,0.05181038744895577
0.3275,0.035,0.0,0.05171029708571232
0.328,0.035,0.0,0.051612179650444664
0.3285,0.035,0.0,0.051515983418143764
0.329,0.035,0.0,0.05142165807823907
0.3295,0.035,0.0,0.05132915537804426
0.33,0.035,0.0,0.05123842834656189
0.3305,0.035,0.0,0.051149431921020644
0.331,0.035,0.0,0.051062122200805686
0.3315,0.035,0.0,0.05097645705709374
0.332,0.035,0.0,0.050892395415489455
0.3325,0.035,0.0,0.05080989784883994
0.333,0.035,0.0,0.05072892588726536
0.3335,0.035,0.0,0.05064944259422805
0.334,0.035,0.0,0.05057141190277913
0.3345,0.035,0.0,0.050494799175035195
0.335,0.035,0.0,0.050419570563479364
0.3355,0.035,0.0,0.050345693554046354
0.336,0.035,0.0,0.05027313635142876
0.3365,0.035,0.0,0.050201868405980205
0.337,0.035,0.0,0.05013185982202016
0.3375,0.035,0.0,0.050063081868815903
0.338,0.035,0.0,0.04999550641095122
0.3385,0.035,0.0,0.04992910640364229
0.339,0.035,0.0,0.049863855344285134
0.3395,0.035,0.0,0.04979972775241087
0.34,0.035,0.0,0.04973669864154664
0.3405,0.035,0.0,0.04967474398413758
0.341,0.035,0.0,0.04961384020292467
0.3415,0.035,0.0,0.04955396462112493
0.342,0.035,0.0,0.04949509497258492
0.3425,0.035,0.0,0.049437209837578905
0.343,0.035,0.0,0.049380288170958075
0.3435,0.035,0.0,0.04932430972392544
0.344,0.035,0.0,0.049269254589512985
0.3445,0.035,0.0,0.049215103610657104
0.345,0.035,0.0,0.04916183794235147
0.3455,0.035,0.0,0.049109439446354236
0.346,0.035,0.0,0.0490578902693932
0.3465,0.035,0.0,0.04900717322487705
0.347,0.035,0.0,0.048957271386516135
0.3475,0.035,0.0,0.04890816845739914
0.348,0.035,0.0,0.04885984837845589
0.3485,0.035,0.0,0.04881229568524702
0.349,0.035,0.0,0.048765495130717235
0.3495,0.035,0.0,0.048719432030025
0.35,0.035,0.0,0.04867409189706488
0.3505,0.035,0.0,0.048629460777704525
0.351,0.035,0.0,0.04858552489953266
0.3515,0.035,0.0,0.04854227099384765
0.352,0.035,0.0,0.04849968595816426
0.3525,0.035,0.0,0.048457757167263776
0.353,0.035,0.0,0.04841647214798341
0.3535,0.035,0.0,0.048375818879693396
0.354,0.035,0.0,0.04833578548088999
0.3545,0.035,0.0,0.048296360499412716
0.355,0.035,0.0,0.0482575326104327
0.3555,0.035,0.0,0.048219290896715894
0.356,0.035,0.0,0.04818162455758132
0.3565,0.035,0.0,0.048144523179533265
0.357,0.035,0.0,0.048107976455782936
0.3575,0.035,0.0,0.04807197444755165
0.358,0.035,0.0,0.04803650731376749
0.3585,0.035,0.0,0.04800156556333648
0.359,0.035,0.0,0.047967139794650844
0.3595,0.035,0.0,0.04793322093911981
0.36,0.035,0.0,0.04789980001011482
0.3605,0.035,0.0,0.04786686833804878
0.361,0.035,0.0,0.04783441732842381
0.3615,0.035,0.0,0.0478024386887245
0.362,0.035,0.0,0.04777092419524459
0.3625,0.035,0.0,0.047739865912054945
0.363,0.035,0.0,0.047709255966282726
0.3635,0.035,0.0,0.04767908675944517
0.364,0.035,0.0,0.04764935075084339
0.3645,0.035,0.0,0.047620040661512195
0.365,0.035,0.0,0.04759114926546336
0.3655,0.035,0.0,0.04756266958648347
0.366,0.035,0.0,0.04753459469693156
0.3665,0.035,0.0,0.04750691790762754
0.367,0.035,0.0,0.047479632573937315
0.3675,0.035,0.0,0.04745273227898906
0.368,0.035,0.0,0.047426210646766866
0.3685,0.035,0.0,0.04740006151888288
0.369,0.035,0.0,0.04737427877443256
0.3695,0.035,0.0,0.04734885650054346
0.37,0.035,0.0,0.04732378881873753
0.3705,0.035,0.0,0.047299070049459
0.371,0.035,0.0,0.04727469454474106
0.3715,0.035,0.0,0.04725065684688835
0.372,0.035,0.0,0.047226951527217356
0.3725,0.035,0.0,0.04720357333912832
0.373,0.035,0.0,0.047180517062663095
0.3735,0.035,0.0,0.04715777765217423
0.374,0.035,0.0,0.04713535008648678
0.3745,0.035,0.0,0.04711322951134542
0.375,0.035,0.0,0.047091411095000715
0.3755,0.035,0.0,0.04706989016559016
0.376,0.035,0.0,0.047048662071943706
0.3765,0.035,0.0,0.04702772231610075
0.377,0.035,0.0,0.047007066419154475
0.3775,0.035,0.0,0.04698669004902701
0.378,0.035,0.0,0.0469665888911948
0.3785,0.035,0.0,0.04694675877191673
0.379,0.035,0.0,0.04692719553361484
0.3795,0.035,0.0,0.046907895153736515
0.38,0.035,0.0,0.04688885362463174
0.3805,0.035,0.0,0.046870067068181635
0.381,0.035,0.0,0.046851531620018184
0.3815,0.035,0.0,0.04683324354007092
0.382,0.035,0.0,0.04681519910097575
0.3825,0.035,0.0,0.04679739469466476
0.383,0.035,0.0,0.04677982672481541
0.3835,0.035,0.0,0.046762491709650265
0.384,0.035,0.0,0.04674538617825616
0.3845,0.035,0.0,0.046728506769720596
0.385,0.035,0.0,0.04671185013319506
0.3855,0.035,0.0,0.04669541302349679
0.386,0.035,0.0,0.04667919220477745
0.3865,0.035,0.0,0.046663184542714446
0.387,0.035,0.0,0.04664738691164863
0.3875,0.035,0.0,0.04663179628349576
0.388,0.035,0.0,0.04661640963823043
0.3885,0.035,0.0,0.04660122404960835
0.389,0.035,0.0,0.04658623659890497
0.3895,0.035,0.0,0.046571444457561006
0.39,0.035,0.0,0.04655684480403152
0.3905,0.035,0.0,0.04654243490347149
0.391,0.035,0.0,0.04652821202760864
0.3915,0.035,0.0,0.04651417353155916
0.392,0.035,0.0,0.0465003167765783
0.3925,0.035,0.0,0.04648663920416683
0.393,0.035,0.0,0.046473138261586625
0.3935,0.035,0.0,0.04645981147329479
0.394,0.035,0.0,0.0464466563691845
0.3945,0.035,0.0,0.04643367055244727
